680.1414553538687 1092.0707759027885 685.9903562701513 1098.1274901039565 674.6583879574412 1109.0706447000102 668.8094870411585 1103.013930498842 small-vehicle 0
31.310230038707964 540.3220889649812 16.391330074373307 554.2341882503018 -23.1014065813478 511.88341318746177 -8.182506617013134 497.9713139021411 ship 0
936.3665965205406 636.8966731877421 943.420387418368 644.2010874895824 930.7912768715644 656.3968777804282 923.737485973737 649.0924634785878 small-vehicle 0
904.2844593167829 388.10772167381634 911.5092704499242 396.71791629755205 887.5473704695178 416.8243377334179 880.3225593363765 408.21414310968214 ship 0
951.4601086531479 598.1109617899236 959.0337445785227 605.6845977152984 945.4503584946792 619.2679837991419 937.8767225693044 611.6943478737671 small-vehicle 0
601.9067825794733 971.9838843228093 607.1012489726337 977.5542675481094 595.5118961810551 988.361513864828 590.3174297878949 982.7911306395281 small-vehicle 0
637.1778201238092 1052.4327923549426 644.3728143816671 1059.3809175445572 631.9477475508276 1072.2474508987652 624.7527532929697 1065.2993257091507 small-vehicle 0
645.3339480636455 1062.8519922286455 651.6475293844755 1069.1655735494755 639.5265234233997 1081.2865795105513 633.2129421025696 1074.9729981897212 small-vehicle 0
622.4534480005815 -6.489220255730419 628.7955066533226 1.3425699411181786 612.5606179803298 14.489323569206265 606.2185593275887 6.657533372357669 ship 0
136.19407356108562 808.3654217447036 148.79970177757815 820.9710499611961 110.29371785794353 859.4770338808306 97.688089641451 846.8714056643381 ship 0
54.925792733827834 321.7740854509293 46.72098058835849 329.97889759639867 27.855855812629336 311.1137728206695 36.0606679580987 302.90896067520015 small-vehicle 0
11.585807927916262 778.6143889485363 14.95812746196346 785.84635152747 0.6662689959308337 792.5107545794483 -2.7060505381163655 785.2787920005146 small-vehicle 0
17.718374428627644 787.9149630774375 22.13680038847403 795.2684587466947 8.582153844358665 803.4129120598916 4.16372788451228 796.0594163906345 small-vehicle 0
957.4554571983485 648.8247638593367 950.4963858938763 656.5535955416725 935.8071105602115 643.3273126234362 942.7661818646839 635.5984809411004 small-vehicle 0
1009.3389294940292 261.1486655156569 1015.5181954221562 266.5202194364173 1004.8700532120407 278.76950583053076 998.6907872839138 273.3979519097703 small-vehicle 0
1068.9689975398283 840.4407595676464 1075.7720124324924 848.2667329740214 1060.3612307888766 861.6631210761983 1053.5582158962122 853.8371476698233 ship 0
866.2044630567843 816.2977889778567 874.2753456601085 824.6554325726439 860.9949142415707 837.4801961181212 852.9240316382464 829.122552523334 small-vehicle 0
862.7342980223146 869.113649010271 870.0540251704045 877.2430295860745 855.9870843572172 889.9089599851667 848.6673572091273 881.7795794093632 small-vehicle 0
618.1580493557226 1032.3824732078701 623.6379739815096 1038.4685460775897 611.2058517825831 1049.6624791847082 605.725927156796 1043.5764063149886 small-vehicle 0
88.94286936820875 469.13508723785236 74.81607687692697 483.7638090992036 35.60864680706124 445.9016339917009 49.735439298343 431.27291213034965 ship 0
187.19632234605805 554.2564477590557 197.86851661747602 564.5624659695244 169.35636035171484 594.0876680942539 158.68416608029688 583.7816498837852 ship 0
1122.76626920508 1025.5602876561884 1113.0506326065179 1041.7298223051494 1070.3852193374767 1016.0938556772467 1080.100855936039 999.9243210282857 ship 0
558.8891984082604 446.19494222374936 569.5527203801057 456.8584641955947 541.937926306591 484.4732582691095 531.2744043347456 473.8097362972642 ship 0
416.2222777650232 541.7469459464828 427.65233854122124 554.0041854765581 395.1205908014898 584.3405310222824 383.69053002529176 572.0832914922072 ship 0
495.9433117303791 623.0615748228098 505.79877940563136 633.2672103571165 475.5700138416347 662.4587899385427 465.7145461663824 652.253154404236 ship 0
628.3125858189877 1044.7976218134722 634.3269051785934 1050.4060653491545 623.5453093168917 1061.9679113953748 617.530989957286 1056.3594678596928 small-vehicle 0
503.9356516835821 868.684449261778 514.3183000910402 879.4359964251304 482.86858484767544 909.8066334065265 472.48593644021736 899.0550862431742 ship 0
604.9698933123318 1017.7310665856832 610.602909962899 1023.7717373847993 598.8141860009464 1034.7649003256329 593.1811693503792 1028.7242295265166 small-vehicle 0
818.776233771702 988.623186447768 805.7800622316868 1000.7423124708653 769.599076649288 961.9429556344464 782.5952481893031 949.8238296113492 ship 0
532.4259318228426 203.0118820150373 541.340081314953 212.57113700685883 517.593037712985 234.71561341686274 508.6788882208746 225.1563584250412 ship 0
776.7809247861712 909.8533782047085 762.6179473311394 922.6057803845183 724.9303906072766 880.7495082336613 739.0933680623085 867.9971060538516 ship 0
810.632797666271 187.33847962174104 817.0789748011576 194.0136914529798 802.5768042128487 208.0182748004468 796.1306270779622 201.34306296920803 ship 0
939.8662651582425 697.1590278520312 947.7323384382469 705.3045851839736 929.8487590746217 722.5745570287978 921.9826857946174 714.4289996968553 small-vehicle 0
28.820226770579726 338.57237329376636 21.339470245302177 345.7964558972917 6.415578413069236 330.342313505283 13.896334938346785 323.1182309017577 small-vehicle 0
883.3253125036131 749.2246669365347 889.965945144563 756.5998366539568 876.5579131757845 768.6724828647197 869.9172805348346 761.2973131472975 small-vehicle 0
628.3003538064245 -0.3864560624692284 635.2439388650556 7.888586376637814 618.8318566866633 21.65995847937797 611.888271628032 13.384916040270925 ship 0
1042.2477215463482 1160.447612963194 1030.592420894946 1178.3952020790136 973.8168441122211 1141.524711408144 985.4721447636233 1123.5771222923242 ship 0
676.8572204720095 153.53724682639503 684.5607454795941 162.71795042982313 659.9567555774136 183.36314928223229 652.2532305698292 174.18244567880419 ship 0
1025.9757811930865 612.4228336112241 1033.062641809728 619.5096942278652 1019.2574663254528 633.3148697121403 1012.1706057088115 626.228009095499 small-vehicle 0
833.8012430107908 841.376965966217 840.435131314781 847.783237434704 827.9185586535615 860.7445278501588 821.2846703495715 854.3382563816718 small-vehicle 0
808.0288070511247 763.5284840914501 814.1668961461403 770.1107787762885 802.3925591636275 781.0905256417501 796.2544700686119 774.5082309569116 small-vehicle 0
375.3711478573512 352.3562446430626 385.0648860964901 363.1222316469285 354.65853704388616 390.5002313062248 344.9647988047473 379.7342443023589 ship 0
840.0322643009428 849.1166985584863 846.1753763095837 855.4780772644448 833.9250287326571 867.3081004069679 827.7819167240161 860.9467217010093 small-vehicle 0
1040.434752072959 511.5217239726065 1047.6427407749343 518.0118261511183 1035.1683956721733 531.8659899365427 1027.9604069701982 525.3758877580309 small-vehicle 0
828.7662512218169 778.4770457774175 835.0035689736859 785.1657501690032 822.8266807640381 796.5208821267115 816.5893630121692 789.8321777351258 small-vehicle 0
902.0120271132072 1053.067444667743 888.5115513222773 1067.0475965998464 843.6072060182015 1023.6839743996399 857.1076818091313 1009.7038224675364 ship 0
1018.1578881542431 605.9891630137349 1024.7095608985042 612.540835757996 1011.8744869430316 625.3759097134684 1005.3228141987706 618.8242369692075 small-vehicle 0
858.2295610510944 808.6186101979794 865.3810208918293 815.5246946896607 852.6480415261151 828.7100808077275 845.4965816853802 821.8039963160462 small-vehicle 0
141.47774859786304 911.2562268523869 147.0337691844472 918.9034331375271 132.1100927937003 929.7461187095943 126.5540722071161 922.098912424454 small-vehicle 0
739.7011152881859 215.31612833709102 748.050665727447 224.2699249709276 723.0106907706977 247.62007937460564 714.6611403314365 238.66628274076905 ship 0
660.3628790144777 1073.2412150092975 667.9435404352768 1081.3704791182536 649.2426908249998 1098.8093035034283 641.6620294042008 1090.6800393944723 small-vehicle 0
24.775268971460527 683.7462308592048 38.65018191206546 697.1450785373725 -1.7858410026009555 739.0178060346398 -15.660753943205883 725.6189583564721 ship 0
1073.4626346469806 480.2210500369599 1080.2779793610046 487.036394750984 1066.8028375267102 500.51153658527824 1059.9874928126862 493.6961918712542 small-vehicle 0
612.0656927334435 1023.656647285373 617.38382370193 1029.7744571369833 603.7935549510352 1041.5882975254945 598.4754239825486 1035.470487673884 small-vehicle 0
794.3965077479451 166.57949721177314 803.9251386586835 176.10812812251163 778.5908079068095 201.4424588743856 769.062176996071 191.91382796364712 ship 0
1092.413878596312 681.7146417380478 1099.9793444393965 689.2801075811325 1086.3965421552596 702.8629098652694 1078.831076312175 695.2974440221849 small-vehicle 0
666.2395955360255 339.1707721864196 674.2735127294857 347.4901369787309 652.8865281307377 368.1433079327134 644.8526109372776 359.82394314040215 ship 0
826.0527930053562 835.0783487137327 832.8058394791955 841.3756664279767 821.2175846305996 853.8025483314028 814.4645381567602 847.5052306171589 small-vehicle 0
1031.2061727742887 645.9791773901218 1037.631408702913 653.3705658113528 1023.5589010019565 665.6036101236111 1017.133665073332 658.2122217023802 small-vehicle 0
749.7843875430428 1126.9265229933535 739.4696407685987 1135.8929955683107 717.1046994187033 1110.16507361004 727.4194461931475 1101.198601035083 ship 0
163.66462662242017 930.7508206800619 163.99166966558482 940.1161080985399 143.71088067271143 940.824328856071 143.38383762954678 931.459041437593 small-vehicle 0
223.96755203124457 157.79219596819922 217.46842198496253 164.52224214439136 201.35629120949326 148.9629383162971 207.8554212557753 142.23289214010498 small-vehicle 0
684.0547417117955 160.88822072769452 692.502440557508 169.63606896420333 669.8139988468288 191.54604244207096 661.3663000011162 182.79819420556214 ship 0
188.94711890937342 961.1179784738954 189.70745301884256 969.8086371127008 171.24733379362561 971.4236882722441 170.48699968415647 962.7330296334388 small-vehicle 0
797.0825933063909 749.1648243500431 803.3392167432016 756.3622462876289 790.1075619613246 767.8643483088772 783.8509385245138 760.6669263712915 small-vehicle 0
383.34332319394605 7.594499494230913 377.0229243453918 13.698037714583334 363.66792587145306 -0.13146804580704935 369.98832472000726 -6.23500626615947 small-vehicle 0
585.6797914650376 321.2354880237808 594.9449767168986 331.8938644245719 561.8885364387099 360.62938955781556 552.6233511868488 349.97101315702446 ship 0
746.9979075076757 290.7356449768699 754.958843633974 298.9794356618024 732.6972240326227 320.47723181985253 724.7362879063244 312.23344113492004 ship 0
1083.2471099253219 533.1146771320372 1089.5372782448615 540.1006167881001 1075.2068514470536 553.0037910333605 1068.9166831275138 546.0178513772976 small-vehicle 0
852.1127950452552 1008.4324639204344 842.2933318782998 1017.2739482687947 822.1458945966972 994.8979522821109 831.9653577636527 986.0564679337506 ship 0
834.9448316105517 787.1104361652266 841.4435669542421 793.6091715089171 829.9990260592787 805.0537124038806 823.5002907155881 798.55497706019 small-vehicle 0
925.1411406485703 847.0978085690992 931.8066737955553 853.7633417160843 919.507520964894 866.0624945467455 912.8419878179091 859.3969613997606 small-vehicle 0
541.2592922995852 12.787404590733793 530.2982644405965 23.74843244972246 499.3622042586041 -7.187627732269909 510.3232321175928 -18.148655591258578 ship 0
32.16713921015965 795.6921997280695 35.38043106210038 804.5206465333941 16.785707868282827 811.2885722903632 13.57241601634209 802.4601254850385 small-vehicle 0
807.284853012436 814.9274537476135 813.5352426854538 821.1778434206313 801.595149247772 833.117936858313 795.3447595747543 826.8675471852953 small-vehicle 0
834.5735419849217 1008.8446933201872 829.2212598404899 1020.8661158408916 802.972955360049 1009.1796177454868 808.3252375044808 997.1581952247823 ship 0
579.1313780932898 964.8165337762027 584.6383493506785 970.5191694504022 572.9266179413323 981.8290570059629 567.4196466839437 976.1264213317635 small-vehicle 0
408.8110421819483 378.3860940092921 418.1791091356685 388.79038640785154 389.2395877914632 414.8476484662176 379.87152083774293 404.44335606765816 ship 0
639.1678578611904 114.94889675070391 646.9297113865449 124.19911357473522 623.1357758286899 144.16459612558737 615.3739223033353 134.91437930155607 ship 0
67.07878367362552 302.98926268171056 62.08677903589179 312.37785791902803 41.61451886834558 301.49256410051606 46.60652350607932 292.1039688631986 small-vehicle 0
572.3836691661865 231.68189240580432 581.7176556195504 240.38597558737084 555.8466634468048 268.1292180907167 546.5126769934408 259.4251349091502 ship 0
1113.423189960183 1040.319503722637 1102.9403056172982 1057.7659530503536 1051.5617357867345 1026.8945937772105 1062.0446201296195 1009.4481444494938 ship 0
828.7450711125468 964.9311641883841 816.3567155452789 976.8944600980136 783.3285515910054 942.6927951145182 795.7169071582733 930.7294992048887 ship 0
1037.1314358353034 654.0357210625689 1044.159625975025 661.5725322565102 1030.0127392173392 674.764717579933 1022.984549077618 667.2279063859918 small-vehicle 0
729.756283419428 274.66942315516815 738.4918683546986 283.40500809043874 715.8479186126611 306.0489578324761 707.1123336773907 297.31337289720545 ship 0
62.24807502619331 827.0571546895235 64.93035995191985 834.8470757478443 48.82335807093069 840.3931612627775 46.14107314520414 832.6032402044567 small-vehicle 0
34.98366476951917 331.23546498125296 27.995753532702672 338.22337621806946 13.35218406857162 323.5798067539384 20.340095305388125 316.5918955171219 small-vehicle 0
740.5462414112607 112.25445071860561 748.2392209838268 120.5041612990846 722.195577493616 144.79025175169699 714.5025979210499 136.540541171218 ship 0
814.5255979026537 821.4424610259853 820.4250573990025 827.3419205223341 808.5193404232283 839.2476374981085 802.6198809268793 833.3481780017595 small-vehicle 0
598.7377057020946 258.76342803702994 607.4713060699071 267.80733596643216 581.2516820485309 293.1273325635369 572.5180816807185 284.0834246341347 ship 0
766.8768456015187 435.8039690149407 775.185375291342 443.82742287155423 751.3730978932781 468.4857579576393 743.0645682034548 460.4623041010258 ship 0
959.5260000372167 337.20374332094053 966.952100951472 345.7464952015348 946.0085809087519 363.9524194178595 938.5824799944967 355.4096675372653 ship 0
1045.4896614537402 662.0511010670314 1052.5022464013448 669.063686014636 1039.3547656550245 682.2111667609564 1032.3421807074199 675.1985818133517 small-vehicle 0
608.9650911455641 938.3973449333803 614.4768582104756 943.7199965173168 603.8432732457627 954.7313960925445 598.3315061808513 949.4087445086079 small-vehicle 0
73.83399168902946 487.40317537163526 56.12674672751323 505.73956430300063 12.357531833109038 463.4721247973559 30.06477679462526 445.1357358659905 ship 0
889.900287649118 810.5534784706788 896.8603470991964 818.0172284448545 883.0968608646759 830.8518869963928 876.1368014145975 823.3881370222172 small-vehicle 0
877.756876209324 826.3786581637842 884.4756782124823 833.3361813104116 870.6742646903342 846.6640514252204 863.9554626871758 839.706528278593 small-vehicle 0
776.0672355418058 253.76656182277662 784.1643380615947 262.759305215109 759.6732928033022 284.81114141475695 751.5761902835134 275.81839802242456 ship 0
891.6797347780084 757.4088479955716 898.3136791404352 764.7765896271635 884.0023657564307 777.6625540773349 877.3684213940039 770.2948124457431 small-vehicle 0
869.9516729267541 875.4023281013656 876.3914369702464 882.5544106406154 861.8675690738257 895.6317600334002 855.4278050303333 888.4796774941503 small-vehicle 0
794.8449563429324 343.57974479090564 803.2704050790132 352.00519352698643 781.0231698110134 374.25242879498614 772.5977210749326 365.8269800589053 ship 0
969.6540722574816 648.7954678422699 975.8113116123652 655.8785614718256 962.925041941203 667.0804247968904 956.7678025863195 659.9973311673347 small-vehicle 0
849.0655395421377 798.3167817687628 856.5722101028165 805.0758183008095 844.2435575094827 818.7681741619471 836.7368869488039 812.0091376299005 small-vehicle 0
952.6428869571323 499.7858690776762 960.4645121358155 508.78361957635775 933.1557819042569 532.5227365932528 925.3341567255735 523.5249860945712 ship 0
659.6184363786984 130.9811960648439 667.3936446865396 140.58277869566444 640.1347474630068 162.65659842978502 632.3595391551657 153.0550157989645 ship 0
173.9845176944412 940.8915060563937 174.79122862159804 950.1122541470058 153.31944888738016 951.9907914594754 152.51273796022332 942.7700433688634 small-vehicle 0
889.3002104463538 728.5816611730345 896.6582562486924 735.6872434088691 884.151780634884 748.6380780256503 876.7937348325454 741.5324957898156 small-vehicle 0
694.2141367596557 853.6983686280934 700.5427032507736 860.251791072485 686.9995473223755 873.330264728001 680.6709808312577 866.7768422836093 small-vehicle 0
888.3261345062754 374.3345544410061 895.6260186986816 383.034217652828 873.9692503776052 401.2064039635349 866.6693661851989 392.50674075171304 ship 0
855.3304984235012 861.5339666351867 862.0807871586605 869.0309217831651 847.2696175909794 882.3669587626863 840.51932885582 874.8700036147078 small-vehicle 0
843.4699300800464 765.6467395655886 849.4743693133016 772.0857123205761 836.787101599107 783.9167808659299 830.7826623658517 777.4778081109425 small-vehicle 0
505.6491474995155 885.4170322397389 514.0757055566243 894.1429885487912 489.5319138875465 917.844652654823 481.1053558304377 909.1186963457706 ship 0
1021.4898630158351 500.73411592025724 1028.7424101764923 508.5115205633242 1005.5861762984348 530.1050579927448 998.3336291377776 522.3276533496779 ship 0
230.91521678916445 996.351379172946 233.02384534946762 1005.4848529097255 210.75713796862127 1010.6255273650637 208.6485094083181 1001.4920536282841 small-vehicle 0
21.771731866860872 346.81524124398146 14.59993230094028 354.2418570989223 -0.9793534263616631 339.1971157525548 6.192446139558923 331.77049989761394 small-vehicle 0
916.0862235069017 775.3822051242325 922.9948639734371 782.0538016719437 909.9588416576644 795.5529979511765 903.050201191129 788.8814014034652 small-vehicle 0
725.474295836576 819.04289437092 732.6903141367536 826.0113222422037 719.6646366299309 839.4998061581786 712.4486183297533 832.5313782868948 small-vehicle 0
761.6262044939147 237.8087076727014 769.7790123545641 246.55152372130505 745.7431664434326 268.96531264151525 737.5903585827833 260.22249659291157 ship 0
1080.320934164044 694.5280592955777 1087.3888391934208 701.5959643249543 1073.8628896598848 715.1219138584903 1066.794984630508 708.0540088291137 small-vehicle 0
473.97859914166327 683.8805161842821 483.098635465213 693.6605577719455 452.9099220527947 721.8119884601119 443.78988572924493 712.0319468724485 ship 0
31.917366275655528 701.111882077726 45.64310591530868 714.3666747736635 6.396252741945383 755.0079809555688 -7.329486897707771 741.7531882596313 ship 0
962.6737423593055 434.585788191097 971.1320391283797 443.3446108985101 945.3975581472863 468.1961103074382 936.9392613782121 459.4372876000251 ship 0
883.1196831101292 257.6254193221998 891.1910026108501 266.58952777088524 867.6821908122188 287.75695699100976 859.6108713114979 278.7928485423243 ship 0
815.3544891835701 294.2618045321094 823.9404474090068 303.79747718908004 799.5610541342247 325.74878149122134 790.975095908788 316.2131088342507 ship 0
183.30571084269943 952.423917883781 183.9193269256085 961.1990366952144 164.1591032241874 962.5808061419455 163.54548714127833 953.805687330512 small-vehicle 0
302.6482272072333 1061.8350553047364 312.8647170434656 1069.2577696576936 298.70293045801935 1088.749796675473 288.48644062178704 1081.3270823225157 ship 0
695.2995712830201 1105.2195986226657 700.7632189867877 1111.5048063292652 688.6032919810636 1122.0752696081543 683.1396442772962 1115.7900619015545 small-vehicle 0
670.7502513508214 1084.5137028419228 677.3012782631736 1091.2974897961215 664.4931933303461 1103.6661136425284 657.9421664179939 1096.8823266883298 small-vehicle 0
596.1027448100781 953.4961124641779 600.7568643235882 959.672337663784 587.5452511387133 969.628002287638 582.8911316252032 963.4517770880318 small-vehicle 0
832.8293933120841 1112.1850446486299 824.704774566249 1121.2083479059702 804.2192853244668 1102.7631305432496 812.343904070302 1093.739827285909 ship 0
392.30308732966415 846.8480279007704 402.6228608937247 857.5344662578096 370.2992011549091 888.7490616282671 359.97942759084856 878.062623271228 ship 0
912.2835414706786 458.5957105515294 920.7676610798753 468.0182799668109 890.8060645759979 494.99582263252216 882.3219449668012 485.5732532172407 ship 0
762.2444567181375 789.6796107649006 768.2023107712016 795.8491492419886 756.2219174407218 807.4184805990063 750.2640633876576 801.2489421219184 small-vehicle 0
1051.2693800034572 669.5223821301707 1058.3400421242468 676.5930442509604 1045.4071536955785 689.5259326796285 1038.3364915747889 682.455270558839 small-vehicle 0
754.536072030036 228.71179221746047 763.2928517838704 238.10228882605 738.4777178621606 261.24277557257096 729.7209381083262 251.85227896398146 ship 0
798.486966431925 279.37895912492064 806.2154062146618 288.26951208809095 783.7705141894128 307.78055905735704 776.0420744066761 298.8900060941868 ship 0
784.403449515061 260.6064216479394 793.0598173404367 270.22029208776627 767.101713677688 293.5930736080078 758.4453458523124 283.97920316818085 ship 0
768.4139522633203 244.3312162391016 777.2791604830517 253.83798814179497 751.6718474307409 277.7171938785246 742.8066392110096 268.21042197583125 ship 0
781.4149134809545 453.494961402163 789.7360734734884 462.11177482033315 766.7344471757837 484.3241871383338 758.4132871832498 475.70737372016373 ship 0
689.7503874917148 1096.0113923794368 695.3777226099285 1102.4849009162754 682.0203816275479 1114.0962602847478 676.3930465093342 1107.6227517479094 small-vehicle 0
1016.3347477459932 1187.906762739226 1003.3793392677069 1205.099170472313 944.8375907397245 1160.9847987689527 957.7929992180108 1143.7923910358656 ship 0
928.8206146815661 407.9814872344544 936.4676626768924 416.77840965678047 912.5108524700757 437.6037470499466 904.8638044747494 428.80682462762053 ship 0
594.8742822426897 330.65242397097757 603.4872649728942 340.9169770826507 571.6956998091597 367.59326768608884 563.082717078955 357.3287145744157 ship 0
1116.2072541894854 775.1530164636148 1105.32254761106 786.4244600822902 1071.4785146532115 753.7416573606956 1082.3632212316372 742.4702137420201 ship 0
779.4877105005348 668.2511877224305 791.8806372756403 679.4098291114225 759.4570061914359 715.4199195697449 747.0640794163304 704.2612781807528 ship 0
701.1458013730568 176.23367884789073 709.0901107118775 184.4602519903691 686.3897434992272 206.3817417916242 678.4454341604063 198.15516864914582 ship 0
792.5498282677586 270.48287867925194 800.4966939756061 279.9535844364431 775.5759699576441 300.8645547685859 767.6291042497966 291.3938490113947 ship 0
748.8155468249406 120.88003052907058 756.1254211131981 129.28907897103917 729.4078280186568 152.5143283144944 722.0979537303992 144.10527987252584 ship 0
49.03850578414221 809.344581151659 50.082787468238685 819.2802576870222 25.762640708219706 821.8364081137829 24.718359024123227 811.9007315784198 small-vehicle 0
911.7715548167778 764.8693340441639 918.6832093575542 771.7809885849404 903.8294626583503 786.6347352841442 896.9178081175739 779.7230807433679 small-vehicle 0
772.8958165443884 446.34434511861184 781.1969890071987 454.3606941836854 759.2147073947443 477.12401315966275 750.913534931934 469.1076640945892 ship 0
633.2470454018296 104.041360629679 641.7106514810853 114.49304371098476 614.659158344966 136.39891092669842 606.1955522657103 125.94722784539266 ship 0
732.0089090708838 207.45966490497833 740.4117656992678 216.47062542808104 715.1887919064416 239.9914290071463 706.7859352780575 230.98046848404363 ship 0
579.0307856806751 242.93013097014958 587.6210949976695 251.8256566727348 563.0208147755627 275.5818711403317 554.4305054585683 266.68634543774647 ship 0
429.9101860167007 123.19175283068775 418.6700081583513 134.8312977354061 385.1654069779891 102.47628047114254 396.4055848363385 90.83673556642418 ship 0
259.1210519957644 123.53734129964046 252.22005043911335 130.68353760706853 235.84379592656063 114.86917245091269 242.7447974832117 107.72297614348462 small-vehicle 0
874.749233998791 353.79415480297536 882.9705720287369 362.92487570767435 858.9189684014165 384.5810368855623 850.6976303714705 375.45031598086325 ship 0
857.2755041219712 777.9508121429359 864.3219922429162 784.5217686200069 851.7046666048049 798.0521938385095 844.65817848386 791.4812373614385 small-vehicle 0
695.7342542952523 358.995434673201 705.4428047142168 369.77787226935317 675.1595197373404 397.04506453715675 665.4509693183759 386.2626269410045 ship 0
357.660375552912 1085.3125862514062 369.6106131907143 1099.5543248886115 329.0624634449288 1133.5782623852213 317.11222580712655 1119.3365237480157 ship 0
612.0492401280908 742.0799945169363 621.3846078397773 752.0909507475234 591.2568881353826 780.1855038827983 581.9215204236962 770.1745476522112 ship 0
552.4596338659968 291.8314832044468 563.0428754774649 301.7005156673806 533.811119636849 333.0477359699383 523.2278780253808 323.1787035070045 ship 0
644.0149009067788 900.3565940907041 651.1796111919399 906.8077282076855 639.2589759986624 920.0469348380526 632.0942657135013 913.5958007210712 small-vehicle 0
166.91685514194802 977.97214976029 161.03972110429407 983.6476321284889 149.11281402366316 971.2969582967322 154.9899480613171 965.6214759285333 small-vehicle 0
628.0494212418264 914.6474156091656 634.907773239856 921.0429323133704 622.1025324553781 934.7748718549764 615.2441804573485 928.3793551507715 small-vehicle 0
236.32263480458175 1007.349839950787 237.62839878889687 1016.6408334693625 216.60605193343235 1019.5953316438328 215.30028794911726 1010.3043381252572 small-vehicle 0
492.7282116749454 945.4013007916695 504.59659427030033 957.2696833870243 467.0964489838909 994.7698286734337 455.2280663885359 982.9014460780788 ship 0
649.309228234886 123.75284926487639 656.6195394347949 133.10962091392724 630.7257976001512 153.34002922581 623.4154864002423 143.9832575767592 ship 0
1018.3258779744705 532.8861788244432 1024.8781209364715 540.694837913958 1009.8486596842209 553.3060533075148 1003.2964167222199 545.497394218 small-vehicle 0
339.25568600252035 787.8074269963578 351.5758649634047 800.1276059572422 313.26173786565886 838.441733054988 300.9415589047746 826.1215540941038 ship 0
184.74811935402067 630.9657691088478 196.7702196296644 643.4150183797068 157.53641408704598 681.302663985177 145.51431381140225 668.853414714318 ship 0
850.7013361581256 1065.6207644319518 833.4567829374565 1081.1478298939517 780.3540730349133 1022.1712957048433 797.5986262555824 1006.6442302428434 ship 0
940.6775202513069 778.8533623393046 948.1470732514395 786.3229153394371 932.9996223687797 801.4703662220969 925.5300693686471 794.0008132219643 small-vehicle 0
95.0072571990521 860.9150790547453 100.73134021590006 867.7367755543814 87.05471947216667 879.2128229761995 81.33063645531871 872.3911264765635 small-vehicle 0
206.76223492337684 356.25108687733626 193.06553811111675 370.4344316252302 149.90310162590515 328.75295121813804 163.5997984381652 314.569606470244 ship 0
312.05210341145226 73.69909195204866 305.8057425796429 80.63637846399497 289.93467842410365 66.34600811103691 296.18103925591305 59.40872159909058 small-vehicle 0
695.3442109346236 1156.6991569161491 688.7119325757102 1163.3314352750626 674.7214621782456 1149.3409648775978 681.353740537159 1142.7086865186845 small-vehicle 0
753.59926808282 130.53091596268996 760.9405466158896 139.27991102871027 735.5532916744125 160.5823472867073 728.212013141343 151.833352220687 ship 0
729.158139965517 103.40663155858005 735.7239301805199 110.69868034110547 716.2793710017377 128.20664006526982 709.7135807867346 120.91459128274441 ship 0
87.12750619244639 853.6104608040911 92.78825065253459 860.6008980417256 77.92282301592755 872.6386839884658 72.26207855583934 865.6482467508313 small-vehicle 0
867.7290620118492 243.56562769230194 874.9112369741073 252.12501050621327 852.1597214430457 271.21579879705126 844.9775464807876 262.65641598313994 ship 0
1073.1658370216326 687.9950549920126 1080.1928115563423 695.2717001369389 1065.658877639012 709.3069569746928 1058.6319031043022 702.0303118297664 small-vehicle 0
892.0720892053768 659.7006949754378 898.6991345578317 666.56320132877 885.9594676393345 678.8657546667437 879.3324222868795 672.0032483134115 small-vehicle 0
529.0816126036741 42.63558468153691 515.4427069350851 56.75908494829078 472.2539139819048 15.052152395937679 485.8928196504937 0.9286521291838175 ship 0
991.5055250311691 671.2531327521143 998.3966290438833 678.1442367648286 985.2530620907944 691.2878037179175 978.3619580780801 684.3966997052032 small-vehicle 0
575.9034600693076 794.600988675051 585.5493673643206 804.5896180830504 557.7501797240883 831.4349815359782 548.1042724290754 821.4463521279787 ship 0
967.1614531671867 668.3382406745243 973.7900898158596 674.7394406784226 961.9119351709023 687.0396298851682 955.2832985222293 680.6384298812698 small-vehicle 0
132.0430238741364 834.0066925015796 140.65794233227749 843.2450614955042 116.12228132310243 866.1249355349195 107.50736286496134 856.8865665409949 ship 0
1017.7133645251135 632.1778554754384 1024.866191870059 640.1218750411472 1010.3046272561212 653.233166710841 1003.1517999111757 645.2891471451322 small-vehicle 0
670.9035003355787 145.54558320872206 678.6301523966714 154.7538485612548 653.2677404710008 176.0354390538512 645.5410884099081 166.82717370131843 ship 0
561.3664987065965 301.3117665933707 572.0479039633351 311.6266797489684 540.8766546270673 343.9054533553979 530.1952493703287 333.5905401998003 ship 0
1010.8049155948268 598.2819532240843 1017.7204099808718 605.1974476101293 1003.7333629848852 619.184494606116 996.81786859884 612.2690002200709 small-vehicle 0
360.1316130928897 329.0292347641963 368.356966563319 339.9446474931269 343.71115915251727 358.5165954855901 335.485805682088 347.6011827566595 ship 0
878.250062497561 799.8558570664453 884.6964551818245 806.7687668735816 870.9733893552375 819.5657327849342 864.526996670974 812.6528229777978 small-vehicle 0
236.7270547870897 152.42393932600152 229.55346877513065 160.1166685038972 212.71686576564076 144.41628219823707 219.89045177759982 136.72355302034143 small-vehicle 0
777.6967793583544 151.55195830394376 785.7075855710096 159.02215594936996 763.6189521670666 182.70931525896444 755.6081459544115 175.23911761353824 ship 0
800.0023282692645 806.2380831021362 806.2394134002778 812.696773824993 793.2908617331768 825.2010448199219 787.0537766021636 818.7423540970651 small-vehicle 0
1036.431201510347 626.3712474171382 1043.3060894596035 633.4904022925068 1030.3538057280412 645.9982773001929 1023.4789177787845 638.8791224248242 small-vehicle 0
1052.7857218982342 851.7008546210614 1040.223539558168 865.1721458921729 998.5027934311266 826.2669207237874 1011.0649757711928 812.7956294526757 ship 0
396.5532898079828 1127.217198285195 406.3682202793483 1143.551985689386 351.6175400841756 1176.4495132836373 341.8026096128101 1160.1147258794467 ship 0
975.5437598945574 456.8128236326552 983.5446498163417 466.3479129408925 958.6163126705212 487.26527144581314 950.615422748737 477.73018213757587 ship 0
223.11853780645635 342.6517681470699 209.28200987376002 358.0187892309061 165.43132612806048 318.5354562410527 179.2678540607568 303.1684351572165 ship 0
694.9722652040408 1039.4703391922803 702.92886766571 1050.4216629688983 676.3225255407406 1069.7523020373492 668.3659230790714 1058.8009782607312 ship 0
691.9532656661942 168.18175089845727 700.2634271930688 176.4919124253319 679.5272383697554 197.2281012486451 671.2170768428809 188.91793972177047 ship 0
896.8862463766465 380.677972291399 904.2941535234858 389.5063722472489 881.9763704007735 408.23321583421136 874.5684632539343 399.40481587836143 ship 0
742.4186431000493 805.8114815979791 749.3451907605338 812.7380292584637 735.6673489978053 826.4158710211922 728.7408013373207 819.4893233607075 small-vehicle 0
810.2382707076174 702.4952160339246 820.1939108065275 713.1713329642628 787.4435582680601 743.7115307827105 777.4879181691499 733.0354138523724 ship 0
852.2932303746102 228.38544615932378 860.0035011432021 237.90683760757327 834.2526902358176 258.7594331221971 826.5424194672257 249.2380416739476 ship 0
606.1229572656151 266.84327266954045 614.3419513483522 275.6570647517456 587.3750292894844 300.80412639833827 579.1560352067472 291.9903343161331 ship 0
885.8420494272151 1063.0653459345087 873.5971981860952 1076.1963412643927 836.7987570093235 1041.8812397207037 849.0436082504435 1028.7502443908197 ship 0
306.06851052126433 253.9592197605854 295.3998533543774 266.23210591284413 253.870978604941 230.131605856728 264.539635771828 217.85871970446925 ship 0
784.6160808720812 160.22162702955 791.87273457371 167.4782807311789 773.8689712366835 185.48204406820545 766.6123175350546 178.22539036657653 ship 0
862.766109711365 406.71890011436716 870.7792993799062 415.618448843949 845.338615887924 438.5253431498312 837.3254262193826 429.6257944202493 ship 0
633.7156977864475 511.3994188558361 648.7683241713512 528.1170540999581 609.7936944750576 563.2099683035115 594.7410680901539 546.4923330593895 ship 0
803.7318774299425 1003.6639017706215 792.938550317794 1014.45722888277 765.4118212623792 986.9304998273553 776.2051483745278 976.1371727152067 ship 0
912.4186923434419 859.5984679316255 919.6561013198974 866.5875525388765 905.6519737313109 881.0892511750488 898.4145647548554 874.1001665677978 small-vehicle 0
591.0444699224804 131.3528788486496 598.323719644787 140.34200363243457 579.0209518972064 155.97307675089684 571.7417021748998 146.98395196711186 ship 0
753.8220799856255 920.3647507761624 740.6576794152235 932.2180302905092 710.4760388441017 898.6979225541446 723.6404394145037 886.8446430397979 ship 0
280.8160411259855 947.8808491872544 292.45269144467784 960.3596288785187 246.63665579345556 1003.0837733103043 235.00000547476333 990.60499361904 ship 0
819.7251167185246 732.5744990419014 826.2909238752023 739.8665666400628 811.8730599992334 752.848469584121 805.3072528425558 745.5564019859595 small-vehicle 0
114.24614666111641 878.8895095493772 117.94378739280232 887.6006052150857 99.00079740874585 895.6414274070286 95.30315667705996 886.93033174132 small-vehicle 0
339.7268932626323 465.49324492942657 349.44532408574986 475.9149860546773 320.2260370685978 503.162412004358 310.5076062454802 492.7406708791072 ship 0
761.1398813855595 650.506165879356 771.2500024882643 659.2947600716532 743.3851735460811 691.3495789593586 733.2750524433764 682.5609847670614 ship 0
996.5242504983993 552.9063938441597 1004.1210644884777 560.2425518386756 990.3872737974075 574.4643084225336 982.7904598073292 567.1281504280176 small-vehicle 0
895.6142519715969 1083.9511720045177 883.368523093165 1085.238249973556 881.0074056383426 1062.77371798915 893.2531345167745 1061.4866400201115 ship 0
950.3481592619142 958.3423222016694 937.732597799024 970.1065235859115 896.3412349736967 925.7197212267516 908.9567964365868 913.9555198425096 ship 0
423.2489968015356 304.0529548442313 433.69261974370534 314.13824428780225 401.8431369589166 347.11934919000186 391.3995140167469 337.03405974643084 ship 0
761.091406015712 139.61896002377225 768.9015399805193 147.42909398857964 745.1987706143082 171.13186335479068 737.3886366495008 163.3217293899833 ship 0
815.5753410009233 1070.63282487735 803.3382608686372 1082.869905009636 774.1015124174269 1053.6331565584258 786.338592549713 1041.3960764261396 ship 0
967.3403179715016 516.4600270599492 975.4135008095687 526.0812717108855 947.0170533587595 549.9087202936046 938.9438705206924 540.2874756426683 ship 0
954.8137726126746 816.6871750140473 962.3129554057736 824.4528061249576 947.9863985241815 838.2878012871461 940.4872157310825 830.5221701762357 small-vehicle 0
827.353818389848 569.5969354910585 837.9976214370008 581.4180763606035 802.4892409115282 613.3899657922058 791.8454378643754 601.5688249226605 ship 0
240.43677588258538 596.6532235864357 252.05482241422294 607.1141596703627 220.7836288615628 641.844338583593 209.16558232992523 631.3834024996661 ship 0
267.97233091454746 474.2278934718515 278.6170249989614 485.6429303357619 247.64952756304493 514.5205888746833 237.00483347863099 503.1055520107729 ship 0
748.8398499859348 490.3510310363026 759.0904239050881 500.9658110633368 727.102407656811 531.8562792826443 716.8518337376578 521.24149925561 ship 0
917.1602576217367 392.8027997737542 925.0526840903275 402.5491347779787 899.5310856857583 423.2161176676139 891.6386592171676 413.4697826633895 ship 0
880.4371463642665 364.646653691488 888.2101902533597 373.5885178094429 865.945371211951 392.9430297220176 858.1723273228579 384.00116560406263 ship 0
891.7198760029642 266.93406509643165 899.4491277701699 276.14542865806396 871.7913814070852 299.353033430523 864.0621296398796 290.1416698688907 ship 0
721.9769347813716 265.1639793768099 731.0452676460574 274.23231224149566 706.0507301184545 299.2268497690985 696.9823972537686 290.1585169044127 ship 0
778.8620499504734 519.454945055597 788.6991251549343 529.641534628854 759.6719275580715 557.6727735122512 749.8348523536105 547.4861839389943 ship 0
943.0539677295542 494.64176689940905 950.2831308346575 503.56903986202923 924.5043587532186 524.4442778889515 917.2751956481153 515.5170049263314 ship 0
49.71459270697829 531.0714093655462 33.963397241345696 545.2538494653276 -10.389132153809145 495.9953752547389 5.362063311823451 481.8129351549576 ship 0
111.3005731883682 910.0985611565587 105.30572566070622 916.5272480665923 91.12788475721695 903.3061975352291 97.12273228487894 896.8775106251954 small-vehicle 0
707.7385312729032 247.0985740414967 716.075748443587 257.0344825568975 689.2834683246463 279.5158749230991 680.9462511539624 269.5799664076983 ship 0
867.2715874627338 346.33032371651353 875.1932515753432 355.1282230182508 850.801348356892 377.09079132426564 842.8796842442827 368.29289202252835 ship 0
482.57788787587316 695.8934034941332 490.3818433900028 705.5304859682581 460.8798378874477 729.4207389714583 453.07588237331805 719.7836564973335 ship 0
610.0298882935073 82.16487100406113 617.3264729929631 92.20775826557856 592.9322899367783 109.93116969184457 585.6357052373224 99.88828243032712 ship 0
961.1228331135561 507.89267386156564 969.0766849124357 517.3717053178423 941.0195917082975 540.9144018773412 933.065739909418 531.4353704210646 ship 0
232.01551988711873 907.2974836903152 244.7356522632436 919.5811727399989 207.18063417086077 958.4705324096147 194.4605017947359 946.186843359931 ship 0
586.7551657224342 706.0643050474558 597.3963184734665 717.4755442962561 561.6126593088462 750.8443463044729 550.9715065578139 739.4331070556726 ship 0
1104.6912290063212 785.8962875489375 1094.4698030087193 796.4808840196215 1061.0155550036122 764.1744922514777 1071.2369810012142 753.5898957807937 ship 0
441.43162729955327 810.1890126980636 451.90141261445547 820.6587980129659 421.3934877850948 851.1667228423265 410.9237024701926 840.6969375274242 ship 0
619.4642683227214 90.59663656750766 626.8938044994876 100.82251583869501 600.8833793442097 119.72019588550481 593.4538431674436 109.49431661431746 ship 0
399.6970831223246 285.94929893035805 411.26072149257743 297.5129373006109 379.1541320018056 329.6195267913827 367.59049363155276 318.0558884211299 ship 0
954.3957077533581 737.7085395014972 961.3089105785465 745.386429076704 947.0796709983966 758.1984939419539 940.1664681732083 750.520604366747 small-vehicle 0
1038.327997735476 423.8236197471534 1048.2145295736404 431.829575373373 1026.6221396413093 458.49395630360505 1016.7356078031447 450.4880006773854 ship 0
318.18532259062493 700.7667499637791 326.8178651321099 710.0240184732245 304.1522119562271 731.1600819968991 295.5196694147421 721.9028134874536 ship 0
738.1627023757507 282.17557191402386 746.9495418116383 290.9624113499115 724.1902176796387 313.7217354819112 715.403378243751 304.9348960460236 ship 0
678.1930593853817 870.261958544833 684.1125895319491 876.8362628075193 670.7748511428011 888.8456163948948 664.8553209962338 882.2713121322085 small-vehicle 0
811.6757985114318 356.74742447013983 820.1964333072357 365.5708000939334 796.4278151036042 388.5238878858554 787.9071803078003 379.7005122620618 ship 0
747.9170230343536 724.1348375110837 758.8907123668939 734.732006117738 725.1431559607788 769.6786237926273 714.1694666282384 759.0814551859729 ship 0
935.9639514273775 416.693282509078 943.7417512582354 425.3314043390651 918.4387442284452 448.1143342015849 910.6609443975874 439.4762123715978 ship 0
936.6771372671552 966.2788032033145 923.6167236306368 979.3392168398328 881.948836911159 937.671330120355 895.0092505476773 924.6109164838366 ship 0
895.4780501529264 441.60358709408194 903.7054279689413 450.42636962952764 880.5453232124758 472.0235167114601 872.3179453964609 463.2007341760144 ship 0
1106.6774652034871 1075.5027764260174 1096.7206018609409 1093.4654333886822 1041.0535967319374 1062.608708578408 1051.0104600744837 1044.646051615743 ship 0
644.9519886020378 864.1051073881548 655.4652771142561 874.6183959003731 625.3788836952492 904.7047893193801 614.8655951830308 894.1915008071617 ship 0
630.9007198954396 291.7571728897552 640.1477599807369 301.673409337572 612.751550421638 327.2207880544205 603.5045103363407 317.3045516066037 ship 0
599.8475159290858 139.8371741517893 608.2587052595613 149.5131406247228 584.6659208651952 170.02203520690287 576.2547315347197 160.34606873396933 ship 0
758.0443257679526 427.4060972373556 766.3675664985966 436.0250653229137 743.1402853141243 458.455390032046 734.8170445834804 449.8364219464879 ship 0
902.801444422276 450.67560164405666 911.1291432374533 460.2555232658886 882.8805700430561 484.811633306009 874.5528712278787 475.231711684177 ship 0
710.5603791653863 840.2170195723727 717.4584511712472 847.360182241152 702.6578484595069 861.6529581402585 695.7597764536458 854.5097954714794 small-vehicle 0
356.11290007892404 32.943156746899646 349.79900236592465 39.95545056430824 333.9632756107731 25.69689814957424 340.2771733237725 18.684604332165648 small-vehicle 0
787.0280196521812 684.7784123877685 797.1104277208171 695.2190515788476 767.9839966442054 723.3461191197237 757.9015885755696 712.9054799286445 ship 0
652.0454992553122 546.6384685969564 661.4272066834569 555.3870523074311 634.6419513920418 584.1107219719676 625.2602439638971 575.3621382614929 ship 0
711.2577652678681 990.4948298430571 694.3262600529578 1005.7400256146121 647.0089140190887 953.1887889408937 663.9404192339989 937.9435931693387 ship 0
1054.5412568916797 433.88031287483534 1063.6701799123919 443.3335893950431 1040.080171836424 466.1141953916137 1030.9512488157118 456.6609188714059 ship 0
1110.5567128002613 1058.009671531577 1101.1439056028917 1075.7125871408723 1047.4731233775647 1047.175326027017 1056.8859305749343 1029.4724104177214 ship 0
414.9852997612558 390.3969495602059 424.3037440248437 401.1165934454871 393.031497304479 428.3011427812172 383.7130530408911 417.58149889593597 ship 0
829.0874341690152 502.7067944397531 838.1931423869264 510.6222658320075 817.0800770557315 534.9100691686073 807.9743688378203 526.9945977763529 ship 0
668.3881106616985 804.7275868024101 677.6909301655619 814.3609384023828 649.5311584232319 841.5545138750803 640.2283389193685 831.9211622751076 ship 0
718.1554863303361 962.871117618438 702.9706845505317 975.6126791913721 668.4488148838819 934.4711169930732 683.6336166636863 921.7295554201393 ship 0
790.5166721520137 1012.7194670131304 780.7580504508718 1024.3493394842342 751.7146625342656 999.9790433952712 761.4732842354075 988.3491709241674 ship 0
965.0644177635177 449.372636262633 972.664323823927 458.11532809237525 949.4502039711014 478.29505461051303 941.8502979106921 469.5523627807708 ship 0
1034.5592601094938 412.9991640515461 1043.753625746501 421.87805973867586 1020.3954723085665 446.0661356978283 1011.2011066715593 437.18724001069853 ship 0
491.7539039676426 375.27400068241093 502.02229102693036 386.2854976672135 469.2647184307338 416.8324282984164 458.99633137144605 405.8209313136138 ship 0
624.5910618406839 749.8635540987186 634.0744839206546 760.3959613441417 601.1448075669699 790.0459751104185 591.661385486999 779.5135678649954 ship 0
737.8151797285908 715.7344202837407 747.5963323257358 725.1799695514787 717.3504386910564 756.5005092778742 707.5692860939114 747.0549600101364 ship 0
273.18849123263163 645.0922237509718 282.88146251431164 655.1295893438529 255.72328089928814 681.3559404736529 246.03030961760814 671.3185748807717 ship 0
327.21556880400374 777.7777565512201 339.45725559309847 790.9053584217678 299.38139448239605 828.2767034974555 287.1397076933013 815.1491016269079 ship 0
840.6257542679148 509.05966565956544 849.4092694250319 516.9683782301851 827.062658398406 541.7868041003758 818.2791432412889 533.8780915297561 ship 0
1036.7166155468071 737.7380203292456 1044.5566147531774 745.3090195573336 1031.1303955425176 759.2122765495691 1023.2903963361474 751.6412773214811 small-vehicle 0
58.01113496736686 510.60514076547736 43.90590275594621 525.7311504366372 -3.1937090905111036 481.81005183858764 10.911523120909552 466.6840421674278 ship 0
663.6028340982806 885.0744779149519 669.6384118730306 892.0176159063494 655.7046347928632 904.1300635298265 649.6690570181132 897.1869255384291 small-vehicle 0
935.8349675862215 312.9063115777104 942.8673282922705 321.2871527135626 922.237608698187 338.5975428162487 915.2052479921381 330.2167016803965 ship 0
770.771052912342 658.0231639153532 781.7766787432621 667.5902084915397 750.0096921171074 704.1339462988803 739.0040662861873 694.5669017226937 ship 0
423.8237149102191 633.5765647612649 434.52131620227084 643.907118246361 402.4341995137234 677.1343002594871 391.73659822167167 666.803746774391 ship 0
425.32438367263177 139.7804982418502 412.63930792991147 152.91627870616657 372.20207828625337 113.86649995499009 384.88715402897367 100.73071949067372 ship 0
843.5186007316344 321.1473535564983 852.1273237365261 331.40683012522646 826.7372488682039 352.7116325827992 818.1285258633121 342.452156014071 ship 0
665.2365907391364 1024.4365868294087 652.0705799983756 1037.1508556107508 617.0809613505547 1000.9180448329602 630.2469720913155 988.2037760516181 ship 0
584.9932659098207 476.0467766661118 594.353327379756 485.4068381360471 566.5409848264158 513.2191806893875 557.1809233564804 503.8591192194522 ship 0
238.21235759396552 444.1838634803107 249.66177189174 456.8997262868834 217.6987676487445 485.6793445751855 206.24935335097004 472.9634817686129 ship 0
574.196534935904 311.1234116875249 584.3333006626856 321.6203398814006 553.5899457293028 351.30885264047805 543.4531800025212 340.81192444660235 ship 0
348.84216780345463 801.2603352066012 360.3966451887158 812.8148125918624 324.35340242702927 848.8580553535489 312.7989250417681 837.3035779682878 ship 0
1053.9954861019592 558.7238155352052 1060.7026893151824 565.4310187484284 1046.4567481662293 579.6769598973815 1039.749544953006 572.9697566841583 small-vehicle 0
597.4368733993489 813.5184306672306 606.6792323904045 823.7831102292412 577.0218372711222 850.4867487379819 567.7794782800667 840.2220691759713 ship 0
366.73665932329254 1102.288749729765 377.3532283319692 1117.4507815979466 337.3409317382995 1145.4676932939167 326.72436272962284 1130.3056614257353 ship 0
640.5454777545756 184.60108624891606 649.1816975169429 193.8622980949757 622.3557356529409 218.8779122333113 613.7195158905735 209.61670038725163 ship 0
285.0431562253666 733.5215611266312 296.37197231687657 746.1034860560608 257.96781961234086 780.6827404690566 246.63900352083078 768.1008155396272 ship 0
682.2258697358368 574.6271789823228 691.7436674918653 584.4831470792179 661.1059664877654 614.0696310247725 651.588168731737 604.2136629278775 ship 0
532.9733683368918 508.49434057712125 542.7778934868168 518.6472235821906 513.3523302772287 547.0631596660658 503.54780512730366 536.9102766609964 ship 0
603.7142998222623 496.92664413363883 614.3705772289519 507.5829215403285 585.5431393142427 536.4103594550377 574.8868619075532 525.754082048348 ship 0
604.0057526430802 338.272425922025 614.5193227744095 350.3669048482088 581.8127497830671 378.798294989001 571.2991796517379 366.7038160628173 ship 0
214.7394867712675 586.0834603289967 225.0733103656404 596.0627177749192 199.3679711645425 622.6813757439252 189.0341475701696 612.7021182980026 ship 0
395.446799170701 603.4622670544247 405.13377915483466 614.2207482557034 373.59796510961814 642.6157227622409 363.91098512548444 631.8572415609623 ship 0
1005.7972019262751 903.1098224565343 993.299026516601 916.9904524790488 949.5379902772466 877.58783846647 962.0361656869206 863.7072084439554 ship 0
410.6696375674836 296.2812866969311 421.05655125324927 305.96724040731726 393.3665825062163 335.6610964731968 382.97966882045057 325.97514276281066 ship 0
518.6384448727437 889.6456802403962 528.3132903659306 899.3205257335834 499.8554116765193 927.7784044229949 490.1805661833323 918.1035589298077 ship 0
381.89248471719293 832.2754722570432 394.1553041836313 844.1175393632684 357.567645020661 882.0051695371615 345.3048255542226 870.1631024309363 ship 0
359.517212597632 720.3983479341528 369.1560812393168 730.0372165758374 338.61114195177583 760.5821558633785 328.97227331009105 750.9432872216938 ship 0
966.5772086328706 948.6073700747095 952.1457263948813 961.1524661912241 911.9614514165679 914.9257457890906 926.3929336545572 902.380649672576 ship 0
570.408965393384 935.0148079433459 581.6513053140623 946.2571478640241 548.4939946686427 979.4144585094434 537.2516547479647 968.1721185887653 ship 0
500.48464178504923 959.6245470439299 512.077323902423 971.6291207946083 479.71162558136 1002.884312352051 468.11894346398617 990.8797386013727 ship 0
415.1041507121451 622.4350015187547 425.987619583757 632.9450452390327 392.38213759695213 667.7445405459121 381.49866872534017 657.2344968256342 ship 0
183.065903788971 867.0354504368644 194.60109632393312 878.5706429718266 159.98325269801697 913.1884865977426 148.44806016305486 901.6532940627804 ship 0
806.4772806654521 286.17089242343894 814.6134219598481 295.20699276741374 789.8894783963611 317.4685315429689 781.7533371019653 308.43243119899404 ship 0
293.43603714405265 1040.7622551078912 303.277012862992 1049.9391134281168 281.5708870083215 1073.2160836105231 271.7299112893822 1064.0392252902977 ship 0
1008.7506092147025 684.8676750408671 1015.8372098458746 691.9542756720392 1002.3907224579659 705.4007630599478 995.3041218267938 698.3141624287757 small-vehicle 0
1050.389689431322 1145.7338331857025 1041.7434496356 1160.7095598063172 998.8714792870159 1135.9574161848725 1007.5177190827379 1120.9816895642577 ship 0
479.9493439874565 851.0525775131405 490.214319367737 860.6248219140839 462.23501985455397 890.6289472404301 451.9700444742734 881.0567028394867 ship 0
875.6011037834921 426.0045370658914 884.1754502454719 434.578883527871 858.334537028428 460.4197967449149 849.7601905664483 451.84545028293525 ship 0
250.4005778200546 455.56217263049945 261.2948553349689 466.8435272440403 231.3554122679313 495.7557113378538 220.46113475301703 484.47435672431305 ship 0
706.9504012780635 185.7814005457491 715.1190524201103 194.54120643358746 693.1296677870305 215.04663933881818 684.9610166449836 206.28683345097983 ship 0
1012.1509697781704 492.9974751385819 1021.0545131502554 502.21736420052497 997.8521282328464 524.6236468640197 988.9485848607613 515.4037578020767 ship 0
217.45587926982847 666.2823958954343 229.3126401453444 677.7323367784918 194.27214473606134 714.0178319850436 182.4153838605454 702.5678911019861 ship 0
449.3047757831445 820.949820068882 459.52117437671683 830.4767658833838 431.96527629224147 860.0268487658043 421.7488776986691 850.4999029513025 ship 0
251.76875121921856 698.7425888798984 262.8855344556608 711.5309851050257 226.67712490230235 743.0064753271787 215.56034166586014 730.2180791020513 ship 0
1000.7873914234576 930.0170664648338 986.0075693508028 943.7994735180148 939.6146485812725 894.0491569181162 954.3944706539274 880.2667498649352 ship 0
817.8615812958823 558.7369832164926 827.2882440991431 568.4985783071512 798.8374014197244 595.973237716468 789.4107386164636 586.2116426258093 ship 0
548.3391214002218 670.1824683049729 558.0561392936332 680.6026942486174 525.948474944726 710.5435756346176 516.2314570513146 700.1233496909732 ship 0
834.9306212300594 301.9332722514061 843.4785745517439 312.8741535778734 811.6527017718022 337.7392505318733 803.1047484501175 326.798369205406 ship 0
437.4300669574125 409.20022271040153 447.5776940222698 420.47030432445155 412.19101630216994 452.33261205789375 402.0433892373126 441.06253044384374 ship 0
392.60214607171343 168.3577555548715 380.30706582780346 180.65283579878138 341.3752848679609 141.72105483893878 353.67036511187086 129.42597459502892 ship 0
163.19108645451152 533.4909669465567 175.72589318295653 544.0089186492734 151.23736919629482 573.1932050877069 138.7025624678498 562.6752533849902 ship 0
431.09966670333387 316.59575344742495 440.9222256815754 326.76731102838977 409.369330298314 357.2375879126672 399.5467713200725 347.0660303317024 ship 0
387.3323973535142 359.5452623917406 397.31701553327383 369.5298805715003 367.69946776641984 399.1474283383543 357.7148495866602 389.16281015859465 ship 0
831.2129960020079 1086.4176569405156 827.1416097664504 1100.6162681048536 790.0709068815218 1089.9864151057645 794.1422931170792 1075.7878039414265 ship 0
240.58626276711735 920.1357983691005 252.40798964674187 931.9575252487251 215.45911007662494 968.9064048188421 203.63738319700042 957.0846779392175 ship 0
790.420541504517 459.2294950321853 798.9481646794256 467.46452500797903 775.0483448709101 492.2135129138291 766.5207216960016 483.9784829380354 ship 0
819.7310445543017 366.77900114023663 827.8512238447779 375.7973738828965 803.3571517233167 397.85193548238306 795.2369724328405 388.8335627397231 ship 0
476.80325170192776 368.951324316231 486.9860706603848 379.13414327468814 458.9377204593652 407.18249347570776 448.7549015009081 396.9996745172507 ship 0
320.1600772971321 765.759930157978 330.98948228307876 777.787202863524 292.70544532592993 812.2583045717888 281.8760403399833 800.2310318662429 ship 0
200.34218665444553 561.9598447490735 210.83643629064127 572.4540943852693 180.9945195070534 602.2960111688571 170.50026987085764 591.8017615326613 ship 0
446.6141372979738 339.1011914576647 456.39990330643917 348.5511958449283 429.4305092035673 376.4788209830168 419.6447431951019 367.0288165957532 ship 0
210.16038668652024 572.7547169882542 220.03506499328094 582.290582983924 191.61989360551382 611.7153543275112 181.74521529875312 602.1794883318415 ship 0
303.8930710435927 235.66283977609547 293.5881266353693 245.9677841843189 265.0956434129654 217.47530096191497 275.4005878211888 207.17035655369153 ship 0
532.9148701551247 24.876437905737966 520.5134013663323 37.2779066945304 485.8970802900504 2.6615856182483717 498.29854907884277 -9.739883170544063 ship 0
721.5878676079882 197.72416610766822 731.192879907526 206.999618667216 708.028223643385 230.98732243727272 698.4232113438471 221.71186987772498 ship 0
532.2451244548214 273.47039221622094 542.734930403956 283.2522945144455 513.7727663561451 314.3104130139198 503.2829604070104 304.5285107156952 ship 0
514.7888167978327 251.48574353713897 525.2054857704427 262.27252002699834 494.50398887385916 291.92061094980335 484.0873199012491 281.133834459944 ship 0
739.0323556434988 479.7840394575654 749.2859807001233 490.40197902994254 718.3668948638559 520.2601931493224 708.1132698072314 509.6422535769453 ship 0
219.01407930876624 895.457762264267 232.04805431256318 908.0445256165498 193.10685934994797 948.3693134555664 180.072884346151 935.7825501032837 ship 0
988.734684836112 471.7678677454566 996.1821406308429 480.9647097297901 971.916726458825 500.6144546851541 964.4692706640942 491.41761270082054 ship 0
475.9441800231293 213.65619801931226 486.2076520496136 225.054938497525 455.8580640440627 252.38183028049625 445.5945920175784 240.98308980228353 ship 0
641.2350196221369 382.48463082410933 650.5326417674814 391.7822529694539 622.210793080042 420.10410165689353 612.9131709346974 410.8064795115489 ship 0
432.77327492622624 643.100926787726 443.6965745535378 652.9363099492346 411.98305008025864 688.1577471186002 401.0597504529471 678.3223639570917 ship 0
586.3718007683068 252.70623787320383 595.5383323892185 262.53613956292116 570.8627771259039 285.5464671047854 561.6962455049924 275.7165654150681 ship 0
330.1338294369067 455.45614095273976 340.3739556497914 466.4373318901409 309.4231880086575 495.29938964303966 299.1830617957728 484.3181987056385 ship 0
430.2988905230674 552.0327084564198 440.05915945523986 562.8725852805891 408.7362533291664 591.075856635667 398.97598439699397 580.2359798114978 ship 0
1037.6300224615118 881.6950903814918 1024.6784693404577 896.594147916397 971.1993337320308 850.1054445821161 984.1508868530848 835.2063870472108 ship 0
534.7501263241094 912.089934534351 544.9415819757138 921.2663624203378 520.3758178134639 948.5494075352749 510.1843621618594 939.3729796492881 ship 0
735.8564482909725 402.92346676899524 744.0120570427564 411.98118791477685 716.7076340931369 436.56620076583295 708.5520253413531 427.50847962005133 ship 0
838.2020693632772 950.9119029875931 827.725053897767 960.6818779668791 803.376294532139 934.5710302952592 813.8533099976493 924.801055315973 ship 0
1063.5021550854076 1133.5120611657624 1052.8815188122173 1150.5086321141348 993.7989337245594 1113.5897354612823 1004.4195699977497 1096.5931645129099 ship 0
631.2647594375746 760.8995098232106 641.4382182888073 770.7239048368075 611.7880993919235 801.4275017620251 601.614640540691 791.6031067484282 ship 0
855.1163439135261 940.1065092194096 843.5417708223025 951.2839445267883 814.2200980801873 920.9204635512813 825.7946711714108 909.7430282439027 ship 0
458.6937880652252 829.1404023373071 469.1060034826465 838.5156032092535 441.3969251973327 869.2896523273047 430.9847097799114 859.9144514553584 ship 0
525.7809070647081 497.4838887084066 534.9139893391106 507.27792036555684 506.27333101627016 533.9857663285197 497.1402487418677 524.1917346713694 ship 0
572.9012244302368 546.9275608172455 582.1956890565317 555.9031209747 555.0519472998047 584.0112883934937 545.7574826735098 575.0357282360392 ship 0
726.6603750491349 393.2286077752211 735.7221854554191 402.94620971109623 708.0326779579909 428.76709318016987 698.9708675517068 419.04949124429476 ship 0
503.85021173181315 243.26834793607318 513.8006990160617 253.5723791559002 483.8231291848204 282.5213818379251 473.8726419005718 272.21735061809807 ship 0
158.36917122851244 396.9789745862461 144.74318264313322 412.11216803608806 104.08309409369582 375.50165986466635 117.70908267907508 360.36846641482447 ship 0
358.38528713235644 206.1631519092009 346.2488632591643 218.73078673090293 304.94225660314765 178.84146035781646 317.0786804763398 166.27382553611446 ship 0
555.6725090267313 776.8793144415611 566.3885094305442 786.5280445438516 537.2543328283177 818.8848256875284 526.5383324245048 809.2360955852378 ship 0
193.20708550410163 642.6535777223321 206.05809194976715 655.0636503918846 169.4631804089079 692.9587906229286 156.6121739632424 680.548717953376 ship 0
118.76614398828505 560.4901703259104 133.082293588631 575.3149772138294 87.59931596049302 619.2373781541236 73.28316636014705 604.4125712662046 ship 0
442.88637385119915 654.4685983194612 453.2746469436491 664.5004370344705 421.64771213779915 697.2510867582062 411.25943904534927 687.2192480431969 ship 0
659.9454887927011 634.7905023436041 668.5374174881093 644.004217835323 641.7592345654531 668.9752773900539 633.1673058700449 659.7615618983349 ship 0
538.6869728799754 657.2785799348006 549.4001755159738 667.6241994626179 515.8609773878162 702.3550558245531 505.14777475181785 692.0094362967359 ship 0
248.05637615044282 317.6271710074302 233.66902444660704 330.1339050358724 196.1565730659229 286.98076609011923 210.5439247697587 274.47403206167706 ship 0
608.3014689819521 821.9727233831677 617.9148175015807 832.649428558482 585.3672948940092 861.9553495462146 575.7539463743805 851.2786443709005 ship 0
1074.4580245077584 577.9434892580156 1082.3525888353572 586.1185499334136 1064.3788080155875 603.4756283119078 1056.4842436879887 595.3005676365098 small-vehicle 0
501.79296252035107 714.481982577318 511.690719957191 725.8680500349956 478.9401543448069 754.3376823778211 469.04239690796703 742.9516149201437 ship 0
1071.606703270766 1116.8688575598455 1060.0096969952458 1134.7266812086566 1004.4581914054424 1098.6511116650845 1016.0551976809626 1080.7932880162734 ship 0
384.2375508560039 751.1998156299182 393.89387822250626 760.8561429964207 364.60560905801276 790.1444121609143 354.9492816915104 780.4880847944119 ship 0
515.2111627608524 408.73794138413507 524.8304274083988 418.3572060316814 496.9296929091228 446.2579405309574 487.3104282615765 436.63867588341105 ship 0
542.4285773807838 283.296156169099 552.9179823945093 293.07768458900597 523.8920878595039 324.20414566882215 513.4026828457784 314.4226172489152 ship 0
944.5641666772227 801.2356790421943 952.498277574049 808.8975608733339 936.4944451925893 825.4700144411585 928.5603342957629 817.8081326100188 small-vehicle 0
404.6838345997988 1143.6282659727497 415.1904510015181 1161.1142120790585 363.2163552767575 1192.343399409636 352.7097388750382 1174.857453303327 ship 0
617.5320328259097 833.4354830775144 627.0027778579557 844.3303289552256 594.210805079974 872.8359559979557 584.7400600479281 861.9411101202445 ship 0
392.78516922406544 760.2738188534897 402.7816748730091 769.5957111797901 373.7564109761298 800.7214959830125 363.7599053271862 791.3996036567121 ship 0
476.4355296473753 603.1929596152492 486.1300884381757 613.2319691219479 456.4763442892778 641.8682569775395 446.7817854984774 631.8292474708409 ship 0
586.369588679081 804.586518709246 596.2291998588677 815.1596572314587 566.2766873180808 843.0908270434701 556.4170761382941 832.5176885212575 ship 0
689.5692962862634 820.615584786505 699.850732575642 831.2623237334632 666.5892976067878 863.3825181168611 656.3078613174091 852.735779169903 ship 0
882.1456310207719 546.7461012429131 892.8628414152726 556.7400616170962 865.8770251815444 585.6788065606224 855.1598147870437 575.6848461864392 ship 0
612.4815819034203 279.05736070449586 620.4868826443205 287.94814789231117 594.9174249401466 310.97099101965193 586.9121241992463 302.0802038318366 ship 0
303.03707143418677 993.1524816219608 313.33751816597857 1005.4280760198989 277.2747993791829 1035.688290053149 266.97435264739113 1023.4126956552111 ship 0
713.9897784086895 257.7062910969524 722.304212064206 266.6224295907044 696.155584683733 291.0064191047879 687.8411510282165 282.09028061103584 ship 0
112.31759568895363 785.491139635437 123.70877850450049 798.1423298290904 83.87722584758725 834.0068209320375 72.4860430320404 821.355630738384 ship 0
596.0891155718247 483.49912964082426 606.5486724416612 493.59980629948177 574.8162432195267 526.4596986892158 564.35668634969 516.3590220305582 ship 0
798.8399227732958 469.0933665624747 807.3430955016994 477.3047850165397 782.5469035034833 502.9819934972635 774.0437307750798 494.77057504319845 ship 0
204.50003774283016 653.5311836529916 217.26274622190536 666.2938921320667 176.38851885678673 707.1681194971854 163.62581037771156 694.4054110181104 ship 0
935.6343415979119 483.1902534643551 943.660848406234 492.4236933169933 920.5143126245764 512.5446698983768 912.4878058162544 503.3112300457387 ship 0
312.41409905338594 226.57304282238226 302.79639042665696 236.19075144911127 275.3277829132049 208.72214393565915 284.94549153993387 199.10443530893014 ship 0
871.2006780292614 415.21654283490955 879.5726523474956 424.8473975966717 851.4208243701831 449.31940830263324 843.0488500519489 439.68855354087106 ship 0
229.61972620824764 323.36229673046273 217.40161022562182 335.58041271308855 182.23299905916255 300.4118015466293 194.45111504178837 288.1936855640035 ship 0
246.36534174054646 611.5791177908453 256.38220547036764 620.5983424043567 229.91224716335742 649.996209367129 219.89538343353624 640.9769847536177 ship 0
395.94765937415656 369.4051565037097 406.10865561797124 378.88043879125496 378.4760268917888 408.5128052129422 368.31503064797414 399.037522925397 ship 0
65.72909098819285 743.4333289760968 76.8640030159072 756.2425799899646 38.81727814718685 789.3160933356861 27.682366119472483 776.5068423218182 ship 0
522.3927425363373 733.0223190588305 532.5071523723997 743.4960970501745 503.2758750698256 771.7244134145429 493.16146523376335 761.250635423199 ship 0
369.23397575816216 337.7525175551316 379.9997232837241 350.1370933886558 347.4590149025052 378.42429962359466 336.69326737694325 366.03972379007047 ship 0
471.83957751154895 91.59220554387248 458.71054625237525 102.60877083116009 425.4640977823734 62.98719642603719 438.5931290415471 51.97063113874959 ship 0
258.3305819588574 618.565892681192 268.8356604877334 628.3620368904296 239.21089697304632 660.1307063254608 228.70581844417035 650.3345621162232 ship 0
1013.3080000152356 889.2003233576379 1001.2797842318056 902.0990056012131 961.0371597538226 864.5721511697212 973.0653755372526 851.6734689261459 ship 0
660.399892409239 791.6957737976225 670.3220817653911 802.71548147107 638.5167361899279 831.3531432575076 628.5945468337757 820.3334355840601 ship 0
639.0953365788167 849.9473858034505 650.3337261268891 860.8001724369333 617.4017272963816 894.9022555196392 606.1633377483092 884.0494688861564 ship 0
285.9057101964129 258.8452272811011 275.7166821701795 270.98803803640783 242.05650057800875 242.74379207705704 252.2455286042421 230.6009813217503 ship 0
430.57928750662694 570.9815030787918 439.59315214785937 580.6476894764473 415.9966895803939 602.6517468000916 406.98282493916145 592.9855604024359 ship 0
766.2997255048039 741.9208304460967 778.3370082128148 754.8292357758891 744.6666779795406 786.2273266736543 732.6293952715296 773.3189213438619 ship 0
627.4590606503705 842.6452300894987 637.4772187596019 853.3883893779182 607.182310599782 881.6388482701053 597.1641524905507 870.8956889816858 ship 0
488.08544920422156 706.2283095738969 497.55081453081834 717.1169668084191 466.49605180285846 744.1124601938643 457.0306864762617 733.2238029593422 ship 0
799.2523489681062 692.9854433831769 809.8440792098086 704.3436834794007 777.102041653079 734.8761274519367 766.5103114113767 723.5178873557129 ship 0
420.90322464214563 159.02079979237504 406.3079112833399 173.61611315118074 360.80393118156184 128.11213304940276 375.3992445403676 113.51681969059707 ship 0
547.4292867175534 209.11797056291937 556.3896773144944 219.06949249763994 530.0014154919193 242.82959016467694 521.0410248949781 232.87806822995637 ship 0
643.9557568932877 615.7473217253731 652.7093862500876 625.8172203859582 622.3865068052902 652.1764973397209 613.6328774484903 642.1065986791359 ship 0
590.0706388396668 724.6399373281333 599.5441733586914 734.7990593196739 571.4966385918211 760.9538086187509 562.0231040727966 750.7946866272102 ship 0
527.5002177309075 900.3125116358917 538.1068898419601 910.5552558315943 508.59546846637335 941.1152272690614 497.98879635532074 930.8724830733588 ship 0
448.7896274715971 898.7598246580853 460.7836654451357 910.3423324937413 427.2236675828385 945.0947276108967 415.2296296093 933.5122197752407 ship 0
439.7131447604539 327.5785136615552 448.99321990797483 337.18831279106763 419.5851791092512 365.5873276794635 410.3051039617303 355.97752854995105 ship 0
300.79281316107847 424.1399263713617 313.09685400405147 436.02180049818855 283.280597230729 466.89743823072723 270.976556387756 455.01556410390043 ship 0
451.5411475233976 665.0212457569804 461.86911726329157 674.6522333486048 433.2180740304048 705.3767156211171 422.89010429051086 695.7457280294927 ship 0
650.3978777886454 782.7316865194025 659.548562374361 792.5445943444292 629.2761484621938 820.7740770113288 620.1254638764782 810.961169186302 ship 0
469.7687735431032 589.9213200927558 480.01812809389895 600.9124072109784 445.8288586266203 632.7944167732416 435.5795040758245 621.8033296550191 ship 0
875.5586445922695 620.4509867718823 885.1571836000302 630.744159665756 855.4096698169865 658.4841650435322 845.8111308092258 648.1909921496585 ship 0
364.3649968776425 1049.0651606116203 379.3558297049041 1065.1408606727864 320.1657771196642 1120.3364776578042 305.17494429240264 1104.2607775966383 ship 0
165.8241900618913 381.66507447133404 153.7299398391664 395.5779178365825 116.42943789402216 363.1530861817803 128.52368811674705 349.24024281653186 ship 0
120.1551881703094 798.7973100449797 132.09020255907808 811.1563792400763 94.82763973153068 847.140417883182 82.89262534276203 834.7813486880855 ship 0
1092.02823629617 1090.7545920335854 1081.3463827735973 1107.203204021595 1027.0988925433226 1071.9744719541466 1037.7807460658953 1055.5258599661372 ship 0
684.2026371586372 1005.2899035957535 666.5672264058404 1018.1027795065035 629.009969509835 966.4096501323502 646.6453802626318 953.5967742216003 ship 0
401.44063915169306 769.9733658738476 412.31611678622005 780.1149128369967 381.4961979254477 813.1652294687887 370.62072029092064 803.0236825056395 ship 0
616.0922610989221 507.5964959652282 624.6301966601058 516.7523109092486 599.516597724854 540.1711207835816 590.9786621636705 531.0153058395612 ship 0
675.6059701145546 815.250252506583 684.7147334517696 824.6826530634132 657.3669252692803 851.09212444082 648.2581619320653 841.6597238839898 ship 0
415.86643484426185 866.0331715119758 427.13753051787694 878.119941840055 392.34629115270917 910.5632974135004 381.07519547909413 898.4765270854211 ship 0
50.46676013664979 711.9214025745539 73.30257448457199 734.7572169224762 28.529729567005358 779.5300618400427 5.693915219083145 756.6942474921204 ship 0
523.4816992696096 262.7558605274925 534.1923424401513 273.4665036980341 503.7691448513696 303.88970128681575 493.058501680828 293.1790581162741 ship 0
1018.2855919258806 396.0319258656525 1027.748017454011 406.17913492295844 1002.1229457003859 430.07490091657405 992.6605201722555 419.9276918592682 ship 0
245.5885814094187 936.8834434611778 257.3644582169075 948.6593202686666 225.32843843463638 980.6953400509378 213.55256162714755 968.9194632434488 ship 0
473.96414541825504 447.4990953118965 485.2686491100624 458.8035990037038 450.66087174788254 493.41137636588365 439.3563680560752 482.1068726740763 ship 0
603.1092919506838 732.3825527348874 613.296055020629 743.6960992859688 581.0132733187864 772.763646491492 570.8265102488411 761.4500999404107 ship 0
900.0374851121904 274.6961904382163 908.2868238666355 284.5273695353527 879.8798084363935 308.363685705716 871.6304696819485 298.5325066085796 ship 0
173.70502369543317 618.3231107434376 186.14383854063917 630.7619255886434 149.23069996694312 667.6750641623395 136.79188512173715 655.2362493171336 ship 0
369.75871381348 193.73873444089236 356.7216820988447 207.23897598324623 317.579318074528 169.4396344255513 330.6163497891633 155.9393928831974 ship 0
548.603378388763 434.08760740010314 559.8074612354494 444.5355836809744 529.1870552564853 477.3719489410682 517.9829724097989 466.92397266019685 ship 0
346.7569438406023 554.1597194162545 356.9469224754561 564.7117511895239 327.88607690848977 592.7754835399452 317.6960982736359 582.2234517666758 ship 0
777.5548370782465 323.19301844942316 787.1569219333942 333.1362683925181 761.2186795767218 358.18453787458196 751.616594721574 348.241287931487 ship 0
515.3579514347076 173.43023427968276 525.8623402272664 184.3078473022192 498.72796210422507 210.51121166701068 488.2235733116664 199.63359864447423 ship 0
798.7922902822719 539.5003086390145 808.9235349031533 549.991519560365 774.9099792718663 582.8380284247748 764.7787346509848 572.3468175034244 ship 0
425.774749188951 398.59844247131036 436.4942601606481 410.5036655093259 400.4444867081131 442.9630273220094 389.72497573641607 431.05780428399385 ship 0
1085.7724651330363 811.4057202292754 1074.5935086926745 823.3936833266486 1036.2320924765218 787.6210839794801 1047.4110489168836 775.633120882107 ship 0
560.4999299540146 223.57022013829663 570.8972767127693 232.60849578415878 546.2767835364716 260.9311333043723 535.8794367777167 251.89285765851014 ship 0
852.3651310562518 400.20032666488083 860.5302934393619 409.2686581931755 835.6815727592083 431.6425467892131 827.5164103760982 422.5742152609185 ship 0
799.7461981357269 884.152684901254 811.1307685231343 895.1466367303742 780.9290559707947 926.4214256067112 769.5444855833872 915.4274737775909 ship 0
549.8859705403381 763.4587423061454 559.8660326571716 774.5427241918734 529.4271570965712 801.9500108505167 519.4470949797379 790.8660289647887 ship 0
820.0151512004653 494.99219270562276 828.5596958332507 502.96010947987185 806.9307525776109 526.1543114581193 798.3862079448254 518.1863946838703 ship 0
460.89320629627434 676.4574485061346 470.4469499351802 686.0111921450404 441.6230521818903 714.8350898983302 432.0693085429844 705.2813462594245 ship 0
619.1264792411841 363.00025699131726 629.365073645184 373.23885139531717 599.9845828086816 402.6193422318197 589.7459884046816 392.38074782781973 ship 0
1062.5873539193744 836.518190841574 1050.8286638618981 849.1278421300898 1013.6084418550854 814.419423599344 1025.3671319125617 801.8097723108283 ship 0
977.1928171290924 526.895817807141 984.5809080307902 536.0193502538701 958.6551609859894 557.0136062594026 951.2670700842915 547.8900738126734 ship 0
309.2420144912127 667.9859566183594 319.81030564907525 678.1916367584 288.3579601410504 710.7614939717743 277.7896689831879 700.5558138317336 ship 0
525.2243474718945 976.7626812481041 537.7511870813277 988.4441481655273 501.67359912425115 1027.1326246238596 489.146759514818 1015.4511577064363 ship 0
479.61308713334705 935.1363722404449 491.99666171933245 946.2865928805301 457.13592211824744 985.0033665576967 444.75234753226204 973.8531459176114 ship 0
789.9194779874182 527.937694019593 799.2740546361199 537.9692493131882 768.6229226111077 566.5518923337091 759.2683459624061 556.5203370401139 ship 0
770.1129682197269 507.6047644329722 780.6270090236521 517.4092660988993 752.7729031906429 547.2791376399343 742.2588623867177 537.4746359740072 ship 0
1081.964332896933 1104.4583711404555 1071.7109919005275 1120.247131702864 1022.0695752318054 1088.0096187811143 1032.3229162282107 1072.2208582187059 ship 0
863.657573714037 534.5592722986601 873.229516105652 543.8027896193427 849.0577168323803 568.8334205056765 839.4857744407651 559.589903184994 ship 0
272.6917977576603 722.9813661688894 283.92000707642717 733.8243218692069 251.40389893003805 767.4957375412853 240.1756896112711 756.6527818409678 ship 0
295.52642306193326 744.1347595548742 307.1197293271363 755.3302852780813 270.0361066211798 793.7315007352717 258.4428003559767 782.5359750120646 ship 0
690.4047493717748 666.2544736761225 700.7141158681737 676.5638401725215 670.0861213424128 707.1918346982824 659.7767548460139 696.8824682018835 ship 0
285.08745541151546 652.3677267781778 295.5879145358885 662.5079022849054 265.98697171632256 693.1605758913473 255.48651259194952 683.0204003846197 ship 0
690.9590329312061 429.45465349445084 701.2561941217448 439.7518146849896 672.6578236438061 468.3501851629283 662.3606624532674 458.05302397238955 ship 0
366.0252467383421 575.3202129708978 376.1271782633129 585.7810692928417 346.6402454386674 614.2562693250921 336.5383139136966 603.7954130031484 ship 0
468.19658432885393 841.0832627355899 479.57062594972626 851.689728137411 451.0050552041889 882.3225523889218 439.63101358331653 871.7160869871008 ship 0
844.4103680207808 388.6803415047455 852.5994195900046 399.161849536371 825.1906942770402 420.5758926642609 817.0016427078165 410.0943846326354 ship 0
679.5220416363478 419.54654895571593 690.0204322727666 429.33645660434286 661.7717391673325 459.6294711897004 651.2733485309137 449.83956354107346 ship 0
631.5421240054944 174.8405939093804 640.7297626874722 184.3546722767232 614.5337188518663 209.65189775312192 605.3460801698886 200.13781938577912 ship 0
1001.5931531849135 486.37078410908157 1010.1365247912747 494.9141557154427 988.9104719695816 516.1402085371359 980.3671003632205 507.59683693077466 ship 0
412.187871644272 778.7752070854433 423.56503140616314 789.0192477476728 394.5907193925245 821.1984812785857 383.2135596306333 810.9544406163562 ship 0
650.1991269762692 627.4340598958438 658.5396202237541 636.697116076349 630.1990120236696 662.2151143175656 621.8585187761847 652.9520581370605 ship 0
489.43473660687476 860.9296016804587 500.18002486135725 871.3062059298787 470.7729753281685 901.7580971606363 460.027687073686 891.3814929112164 ship 0
694.2122815607794 582.4579544226018 704.6327845421456 593.6325757625378 673.4284099580042 622.7311258157406 663.007906976638 611.5565044758044 ship 0
631.7244764653082 372.00318098324544 642.1674693367422 382.81721666831424 609.8199902686242 414.05481409770243 599.3769973971902 403.24077841263363 ship 0
358.94749800553245 811.3372753077206 371.36864395802655 823.7584212602147 334.96834929595065 860.1587159222904 322.54720334345654 847.7375699697964 ship 0
681.6137010731211 656.9887924887977 690.1624341258519 667.1767758165184 659.6681027732382 692.7645580074944 651.1193697205074 682.5765746797738 ship 0
660.7732248717182 401.0038183567217 671.0234610202618 411.25405450526546 641.8757054394847 440.40181008604264 631.625469290941 430.1515739374988 ship 0
566.6991457682061 691.0930878823038 577.9413386958969 703.1488638100202 544.2238494414878 734.5909312064414 532.9816565137969 722.5351552787249 ship 0
574.2921087549765 114.27817171280806 584.6377767628123 125.37254236871446 556.2218773557106 151.8707972520071 545.8762093478749 140.7764265961007 ship 0
322.2643946415591 440.4438070872919 333.6078760618435 452.1903259619165 300.1407744878125 484.50913027728643 288.7972930675281 472.7626114026618 ship 0
403.05849470120387 615.052271401145 412.9743677590814 626.0649641146814 382.2866971351532 653.6962668545465 372.37082407727564 642.6835741410101 ship 0
701.8271547499155 595.9142777351539 712.2818558834604 606.74043768056 683.2904537972951 634.7371092410883 672.8357526637502 623.910949295682 ship 0
950.2086546936364 328.83054033455693 957.6799574501002 337.73449223593167 934.4857387027412 357.1967526322858 927.0144359462773 348.292800730911 ship 0
563.9744016701541 455.3340106465725 574.7467440265518 465.73674073852465 545.1051989024319 496.43145926214186 534.3328565460341 486.0287291701897 ship 0
280.54228927021006 483.2558915229522 291.62099602056196 495.13634998956877 257.7690694200517 526.7037822393694 246.69036266969982 514.8233237727527 ship 0
464.55793332073335 354.6761556079044 476.4415924974702 363.96068771299355 450.63339818504204 396.993670065199 438.7497390083052 387.7091379601098 ship 0
1079.3099689502556 828.0447362377728 1067.1302036310503 840.6572524406648 1028.7469286899727 803.5909546897328 1040.926694009178 790.9784384868407 ship 0
267.2025581541309 281.0779120688499 254.50690077235691 293.33796589122556 221.2442534622898 258.89348628472675 233.93991084406377 246.6334324623511 ship 0
640.9456335492957 538.4073098812548 651.1922568596668 548.3023589917568 623.7125290445458 576.7584501590285 613.4659057341747 566.8634010485265 ship 0
355.5613354438707 565.0578256529192 366.1608744259885 575.2936814660804 335.78474998532084 606.7490791398665 325.18521100320305 596.5132233267051 ship 0
576.6571616340773 465.42344846489686 586.8832775139543 475.6495643447741 555.4593413661821 507.0735004925464 545.233225486305 496.84738461266915 ship 0
1102.2291667254785 801.7277248406009 1090.6364634262966 814.6027262053738 1048.278294822373 776.4632598853512 1059.870998121555 763.5882585205785 ship 0
296.93070629263593 505.8887827666612 308.4061253244381 518.6335267562898 272.2472440895967 551.1911296574264 260.7718250577945 538.4463856677977 ship 0
512.576095346479 50.810245710063626 499.2372040751875 65.11445533581795 462.900405403109 31.229842392157867 476.23929667440046 16.925632766403545 ship 0
592.7260196432592 565.7308696542436 602.9472144808119 575.9520644917962 572.9032780900476 605.9960008825606 562.682083252495 595.774806045008 ship 0
560.0708069636088 924.1932372743819 571.6803683489718 935.0193284096739 538.6526004241246 970.437273294237 527.0430390387617 959.611182158945 ship 0
649.8621578177641 193.29189710829647 659.3433413868946 203.82181823556553 632.1683700123597 228.2902723648748 622.6871864432293 217.7603512376057 ship 0
460.91610250192747 101.06281533172826 446.30811427889853 116.18982996017043 407.42447188180813 78.64033297368785 422.03246010483707 63.513318345245686 ship 0
366.19342654491965 497.135903346874 375.9284767593383 507.2168429501779 348.54774278853824 533.6581103917582 338.8126925741196 523.5771707884544 ship 0
663.3260534867353 552.8014500359802 673.6509437528542 562.4295659718521 644.0394026175431 594.1840561409684 633.7145123514242 584.5559402050966 ship 0
179.77632759305467 368.0768748663626 169.13312876534062 382.7259813088082 125.69072200563907 351.1632252789774 136.33392083335315 336.5141188365318 ship 0
512.7868392801967 968.0350492597 524.3878787753875 978.8531936038444 491.08836587899066 1014.5625492930038 479.4873263837997 1003.7444049488596 ship 0
611.0254261888165 351.1674508073238 621.7569628969846 362.6756149836446 588.4972517095904 393.69079742647136 577.7657150014223 382.1826332501506 ship 0
687.261440228973 231.83740253552133 699.0568678651758 242.09101134654335 671.0121434216159 274.35277633563345 659.216715785413 264.09916752461146 ship 0
1068.4717952189537 450.2617996028539 1078.179106981409 459.9691113653092 1052.0607238831428 486.0874944635753 1042.3534121206876 476.38018270111996 ship 0
750.923344190786 641.2558389702059 761.4135986927513 650.3748780850813 734.4481605928444 681.3950661620879 723.9579060908791 672.2760270472124 ship 0
663.3756796552466 207.06411846921887 672.0256251127322 216.67085614689233 645.2490478323175 240.7805946226314 636.5991023748318 231.17385694495798 ship 0
635.7157041853297 606.2376333162807 644.1889124713916 617.4819604948102 609.4963886911045 643.624652297733 601.0231804050427 632.3803251192036 ship 0
508.5796074051744 394.80368461176187 519.1675538181205 406.1578670484233 487.1408397774809 436.02326105073666 476.5528933645348 424.66907861407515 ship 0
660.3415770042627 325.58427661479664 670.1853632348661 335.4280628454001 645.5212641250403 360.092161955226 635.6774778944368 350.2483757246225 ship 0
256.1962728442592 293.809279232171 243.68611814959127 307.2247776843013 207.6364471970157 273.6079156707259 220.14660189168367 260.1924172185956 ship 0
529.7779277203272 190.54501106054133 539.4880977821738 200.60018651164515 511.7459973456671 227.39042149275 502.0358272838204 217.33524604164617 ship 0
456.5173917948543 428.06477787504775 466.39026526202576 437.9376513422192 436.60850942737466 467.7194071768703 426.7356359602032 457.84653370969886 ship 0
389.0203404445884 1110.2995880533588 400.2105374320894 1128.9232033031174 344.092565534568 1162.6422826360333 332.90236854706706 1144.0186673862747 ship 0
526.0257275663846 417.07169111768 536.3402308448684 427.7526719342422 506.34202498564775 456.72160259684335 496.027521707164 446.0406217802812 ship 0
456.91924944090226 911.3208692569951 470.6342604865567 922.8291299669961 434.4640044910969 965.9351624946376 420.74899344544247 954.4269017846367 ship 0
78.08028724523069 752.862468480253 90.34546895929563 766.4843327885477 50.82189390329826 802.0715196140769 38.55671218923332 788.4496553057821 ship 0
672.1198908057122 215.03016127567903 682.0553044002785 225.31858323289939 656.0320678982824 250.44893060702668 646.0966543037162 240.16050864980633 ship 0
919.6900214069938 467.57742230170254 928.3350933766757 476.84812697790085 901.6282318717385 501.75267823464395 892.9831599020565 492.48197355844565 ship 0
286.37895589390934 966.2688317251201 298.94999344432875 979.7496190467352 260.4413968988305 1015.659466271401 247.87035934841103 1002.1786789497858 ship 0
828.6973911822787 375.1821715189209 837.9897649433458 385.50239811043247 811.7982557713041 409.08533889520265 802.505882010237 398.7651123036911 ship 0
320.6762534680237 677.9966520861102 331.0221204271729 689.09123609118 298.3106215891967 719.5952022477674 287.9647546300475 708.5006182426976 ship 0
382.71668405045716 183.0408003074188 370.0842391890545 195.67324516882158 330.85504107962396 156.44404705939107 343.48748594102665 143.8116021979883 ship 0
140.6535745634743 460.66988249436287 156.24908828167776 476.8195097086993 116.27826454499271 515.4188855110083 100.68275082678925 499.26925829667186 ship 0
787.2042897709724 334.6416775659238 795.7097556516015 343.147143446553 773.0850557318809 365.7718433662738 764.5795898512519 357.2663774856446 ship 0
987.2297524979691 367.0576416383854 996.1225021844888 376.266353511728 976.3386819788833 395.37136660708273 967.4459322923636 386.1626547337401 ship 0
850.7508861023806 331.8222197025914 859.7485854297976 340.8199190300085 837.7833503287412 362.785154131065 828.7856510013243 353.78745480364785 ship 0
483.6604791253006 461.8867451190206 494.5967133999613 472.82297939368135 462.1686137349212 505.2510790587214 451.2323794602605 494.3148447840607 ship 0
700.7445744329533 440.2708860168223 711.712275674796 450.86227199150755 678.3119891828457 485.4492811432119 667.3442879410029 474.8578951685266 ship 0
891.704070722036 558.1924828926012 901.7046145458827 567.849895805256 874.9011870275215 595.6056575140075 864.9006432036748 585.9482446013526 ship 0
719.08887832646 382.20653647519794 728.4429091728788 392.23750646750307 701.1257241439379 417.71119361780444 691.7716932975192 407.68022362549925 ship 0
671.7513149491284 565.3703203947076 681.2370342462531 574.8560396918323 653.1179711112047 602.9751028268806 643.6322518140801 593.489383529756 ship 0
507.38138493876255 73.77213049975445 491.75421566728346 88.34470159903559 448.2634585203667 41.70657445939968 463.8906277918458 27.134003360118545 ship 0
602.89593973071 577.1122102377161 612.5811363818899 586.797406888896 583.5818589696227 615.7966843011634 573.8966623184426 606.1114876499834 ship 0
175.7400889541416 852.1822557007151 187.6446546192872 864.9483394264515 147.91375897867383 901.9979989970846 136.00919331352827 889.2319152713483 ship 0
344.1659642039624 216.73680217628896 331.7716208851856 229.13114549506577 293.43408886801325 190.7936134778935 305.82843218679005 178.3992701591167 ship 0
543.4739318807635 518.0222348524862 554.0346818352713 528.9582115667414 522.7740261833156 559.1462758229441 512.2132762288079 548.210299108689 ship 0
641.9853041540058 770.8908104335784 651.74444116664 781.356203602771 619.5282730688183 811.3982663715365 609.769136056184 800.9328732023438 ship 0
344.33313411503536 696.7335107345713 362.452697822326 716.1643638935686 324.1846593019415 751.8498871307243 306.0650955946508 732.4190339717269 ship 0
728.8320280922536 705.0073645034837 740.2680818614961 715.6716571691838 709.3650599109048 748.8110909542037 697.9290061416624 738.1467982885036 ship 0
325.4543805323416 533.056548013115 337.16514209223874 545.6148022805086 300.9364381827538 579.3986152273178 289.22567662285667 566.8403609599242 ship 0
918.0229147178324 549.2031890767081 908.8945568792683 560.0819423253022 883.5736579197256 538.8351853472727 892.7020157582897 527.9564320986786 ship 0
374.9816584217552 739.7268405410714 385.2383436110548 749.9835257303712 355.0222407948966 780.1996285465293 344.765555605597 769.9429433572296 ship 0
483.38653785873566 614.753970425922 493.22607085427506 623.9294833848118 465.5569161684402 653.6010191027341 455.7173831729007 644.4255061438442 ship 0
1003.7390776778585 380.3579249370511 1012.9604746611825 390.59932383093883 986.463150868284 414.4576213371341 977.2417538849601 404.2162224432464 ship 0
526.0337686392922 647.5953383643284 537.1717571265897 657.6240282436339 506.8009443428855 691.3542330067501 495.662955855588 681.3255431274447 ship 0
205.97584052139655 885.0402386958466 219.09314608080496 897.2723240194724 182.9076169008598 936.0765532677307 169.79031134145143 923.844467944105 ship 0
717.957542291962 462.1372131343499 728.3252309160297 471.47232190148117 699.240135081924 503.7745933298454 688.8724464578563 494.43948456271414 ship 0
268.6742934556646 629.1639081459194 279.6018803496419 639.7165561451621 248.49600947182938 671.9276283759922 237.56842257785212 661.3749803767495 ship 0
847.0437970450067 589.4269171800548 857.1480838055422 600.2624381391698 824.8479640195227 630.3827871236866 814.7436772589871 619.5472661645716 ship 0
679.5635123449257 342.202640142071 688.8808295417736 352.19423956534547 660.7642211717674 378.4134010414007 651.4469039749196 368.42180161812627 ship 0
813.2820755584431 900.5571610897825 824.5791751009888 912.2556501239981 793.7143035785961 942.0615100890353 782.4172040360503 930.3630210548198 ship 0
383.3758508319947 594.2495899020516 393.5714614536843 604.8074537684164 363.4951269273665 633.8518324078238 353.29951630567683 623.2939685414592 ship 0
290.17516007274514 395.9676309572306 303.27008898497775 410.0102229827064 262.75639996677506 447.7898491872702 249.6614710545424 433.7472571617943 ship 0
897.8856275409054 1018.639415156847 882.5988201121368 1034.4693676504157 832.9492494732548 986.5233346104565 848.2360569020233 970.6933821168877 ship 0
515.7036718226921 486.9046298468487 525.6076721355943 496.4688117747041 497.54131840691446 525.532371858321 487.6373180940123 515.9681899304657 ship 0
502.9792036857134 476.5230928187974 513.3689641739021 486.2117012153904 486.1940045509809 515.3532776111953 475.8042440627922 505.6646692146023 ship 0
356.1983105284915 469.4949023998346 367.90283182689006 482.4940902339209 330.3821435826077 516.2778696739111 318.67762228420906 503.2786818398249 ship 0
672.2122017553131 645.3339645858199 681.3058255371797 657.850263950748 647.3731325456818 682.5038084988206 638.2795087638152 669.9875091338927 ship 0
241.35007704846942 686.0159083679368 252.79240844055545 697.8647893848795 220.091161652874 729.4440163299392 208.648830260788 717.5951353129966 ship 0
744.9816046336305 410.18249096101005 753.9816628044606 419.83387173181035 726.9478086850035 445.0433485346488 717.9477505141734 435.3919677638486 ship 0
405.84788058538936 855.7549007192172 416.3094223424046 867.7895278473108 379.0586023495623 900.171171639868 368.59706059254705 888.1365445117743 ship 0
583.5337702842365 554.8031798173535 594.0281701515567 565.2975796846738 562.0348284630169 597.2909213732135 551.5404285956967 586.7965215058933 ship 0
638.2234962724589 302.1419581313406 647.2637493654678 311.8364426789872 620.7623793340779 336.54937003657477 611.722126241069 326.8548854889281 ship 0
163.11418779721092 605.629061318127 176.216296680035 619.196692240876 134.99982021222274 658.9989809029423 121.89771132939867 645.4313499801933 ship 0
98.72821780847838 774.2056593909048 111.51691485278305 787.9198579432023 72.90931463432968 823.9220275864817 60.120617590025 810.2078290341843 ship 0
552.841153887859 528.8749390060403 562.692954862845 538.0618920408403 535.8461973389475 566.8515147750877 525.9943963639615 557.6645617402876 ship 0
537.4483846334688 752.6489428110438 548.7100506596252 763.9106088372 516.6874878497846 795.9331716470405 505.42582182362827 784.6715056208841 ship 0
379.9814045899484 502.3786304128457 391.0007156983896 513.0198554563743 360.09293170041104 545.0258027183722 349.0736205919698 534.3845776748437 ship 0
370.2602560517226 823.5478220324641 382.07042194802284 834.9527666671305 348.04567849665534 870.1864199299688 336.23551260035504 858.7814752953024 ship 0
914.4974365533271 585.6088789969807 923.1651724984068 593.979214302136 897.7090294062217 620.3398221462842 889.0412934611421 611.9694868411289 ship 0
623.9788663331537 595.4030140414127 633.1071200623163 605.9038687445388 602.1167345102758 632.8433999047392 592.9884807811131 622.342545201613 ship 0
139.72068729471198 583.0917703075762 153.00059261083845 596.8435148266938 115.74344614673613 632.8223229484204 102.46354083060965 619.0705784293029 ship 0
163.55085233563912 839.0555110717346 176.07527995528042 852.0249355347489 136.51744284515837 890.2254947876405 123.99301522551706 877.2560703246262 ship 0
846.0612478544851 523.1012777393034 853.6809082373024 531.2723631148513 832.2379035661081 551.2682884628603 824.6182431832908 543.0972030873124 ship 0
446.424099219377 114.53693938989521 434.2575688769301 128.0492402502659 394.8099435443329 92.53043886284948 406.97647388677984 79.01813800247878 ship 0
719.8108619064349 693.1278926925932 731.124673045725 703.6781922616938 700.3022886901838 736.7311528129306 688.9884775508937 726.18085324383 ship 0
971.8510923413046 349.886013551712 982.6440287567838 360.3086310953466 957.1908740969889 386.6661443271638 946.3979376815097 376.2435267835292 ship 0
866.4072003275459 608.6779628056062 876.4843809335869 619.1131888007042 845.1422391026908 649.3799433452117 835.06505849665 638.9447173501137 ship 0
924.5336476599457 976.8021280742562 911.1288396892896 991.1770247058774 867.3465126717803 950.3493442558372 880.7513206424364 935.974447624216 ship 0
798.8690199863203 884.2008032046274 786.588161020519 896.0602908528904 752.4049174774401 860.6625059403465 764.6857764432414 848.8030182920834 ship 0
649.5076228968669 392.4594068615145 659.2677546191562 401.8846565063678 630.7956867821644 431.3683458478743 621.0355550598752 421.94309620302096 ship 0
434.7414532669111 796.2927224814244 445.87565146220396 807.0448926950959 414.0194026462511 840.0330040276699 402.8852044509582 829.2808338139985 ship 0
711.7984267882654 684.3047592576333 721.1502900081613 695.449875847394 690.1542747803381 721.4586207930258 680.8024115604422 710.3135042032652 ship 0
563.2874433335106 537.1930394833771 573.061721273395 546.3077011184217 546.5577666226584 574.7297127777848 536.7834886827741 565.6150511427401 ship 0
716.5846311259488 602.2949253074138 726.7038914211782 612.4141856026432 693.5253647160312 645.5927123077901 683.4061044208017 635.4734520125606 ship 0
754.1773198314818 298.186282766241 764.229783933399 307.8938345086136 739.2666541866151 333.74391208849534 729.2141900846979 324.03636034612276 ship 0
453.9256605608396 584.6794327115261 463.75472024925114 594.5084923999376 436.46174459624956 621.8014680529392 426.63268490783804 611.9724083645278 ship 0
553.2952018268577 683.6998670729035 563.0082879918572 694.1158767540226 532.98795134945 722.1102935639984 523.2748651844505 711.6942838828793 ship 0
261.695495772978 709.1554770703266 274.5425650608879 721.5617476708296 236.063999008516 761.4074692492536 223.21692972060615 749.0011986487505 ship 0
425.37567370276304 877.3713421996912 438.7161942890352 890.254133179937 402.5514763082995 927.7037949386756 389.21095572202734 914.8210039584299 ship 0
811.4642975728584 474.5692692186655 820.7779609773337 483.88293262314073 794.4076566297936 510.25323697068086 785.0939932253183 500.93957356620564 ship 0
550.7978106377262 1070.6103906840547 534.1822926664472 1089.0637928833262 480.9449561002117 1041.1286797314424 497.5604740714906 1022.6752775321706 ship 0
510.53898225510534 642.1235680698086 520.7792493869799 651.6727716563611 494.17256678855 680.2049455524755 483.93229965667547 670.6557419659229 ship 0
398.13794633864313 521.4197599459362 409.1855128097228 532.0882708759929 378.57129564763153 563.7902207803058 367.5237291765518 553.1217098502493 ship 0
727.5576066495449 629.2225758663717 737.0652293332514 638.7301985500782 710.2949676989048 665.5004601844248 700.7873450151983 655.9928375007183 ship 0
