26 0.5138888888888888 0.5985082304526749 0.029320987654320986 0.0684156378600823
26 0.04128086419753087 0.5318930041152263 0.02546296296296296 0.040123456790123455
2 0.7741126543209876 0.23405349794238683 0.1423611111111111 0.10802469135802469
2 0.014853395061728395 0.12191358024691358 0.028935185185185185 0.08127572016460906
26 0.041859567901234566 0.6134259259259259 0.02507716049382716 0.045781893004115226
0 0.06944444444444445 0.22376543209876543 0.03009259259259259 0.09156378600823045
0 0.015046296296296295 0.5606995884773662 0.03009259259259259 0.2006172839506173
0 0.19733796296296297 0.36882716049382713 0.03819444444444445 0.11213991769547325
26 0.14255401234567902 0.5432098765432098 0.01890432098765432 0.06275720164609054
0 0.024112654320987654 0.3757716049382716 0.03742283950617284 0.13425925925925927
26 0.470679012345679 0.7512860082304527 0.03009259259259259 0.07458847736625514
26 0.6165123456790124 0.8287037037037037 0.043209876543209874 0.08024691358024691
26 0.47260802469135804 0.6558641975308642 0.023919753086419752 0.04218106995884774
0 0.2658179012345679 0.4727366255144033 0.047839506172839504 0.16872427983539096
0 0.12017746913580248 0.4323559670781893 0.03587962962962963 0.1558641975308642
7 0.7708333333333334 0.23353909465020575 0.14583333333333334 0.10493827160493827
0 0.49459876543209874 0.6018518518518519 0.046296296296296294 0.205761316872428
7 0.6766975308641975 0.25411522633744854 0.16280864197530864 0.09979423868312758
0 0.13792438271604937 0.2235082304526749 0.024305555555555556 0.08693415637860083
2 0.43209876543209874 0.2191358024691358 0.12345679012345678 0.07921810699588477
2 0.6776620370370371 0.25308641975308643 0.16628086419753085 0.09773662551440329
0 0.2492283950617284 0.6759259259259259 0.05787037037037037 0.18930041152263374
2 0.4670138888888889 0.13991769547325103 0.1076388888888889 0.09156378600823045
0 0.35300925925925924 0.602366255144033 0.06404320987654322 0.205761316872428
0 0.5908564814814815 0.35030864197530864 0.04436728395061729 0.1183127572016461
0 0.07465277777777778 0.48739711934156377 0.04436728395061729 0.15997942386831276
0 0.3917824074074074 0.7579732510288066 0.0775462962962963 0.22479423868312756
2 0.8063271604938271 0.38065843621399176 0.24614197530864199 0.1831275720164609
2 0.2586805555555556 0.29732510288065844 0.14390432098765432 0.15843621399176955
0 0.2177854938271605 0.49356995884773663 0.052083333333333336 0.15174897119341563
2 0.08043981481481481 0.17669753086419754 0.10223765432098765 0.08384773662551441
0 0.44675925925925924 0.897119341563786 0.08101851851851852 0.19958847736625515
1 0.5902777777777778 0.3881172839506173 0.05015432098765432 0.08693415637860083
2 0.3128858024691358 0.19084362139917696 0.08564814814814815 0.06995884773662552
0 0.7010030864197531 0.5280349794238683 0.06712962962962964 0.1712962962962963
0 0.36766975308641975 0.9205246913580247 0.06635802469135803 0.15483539094650206
0 0.03780864197530864 0.6481481481481481 0.06095679012345679 0.19650205761316872
0 0.16145833333333334 0.5231481481481481 0.059799382716049385 0.18518518518518517
0 0.6479552469135802 0.7816358024691358 0.07908950617283951 0.2381687242798354
1 0.6963734567901234 0.5933641975308642 0.08024691358024691 0.12191358024691358
2 0.3489583333333333 0.37474279835390945 0.1716820987654321 0.1558641975308642
2 0.6130401234567902 0.30684156378600824 0.1558641975308642 0.10853909465020577
2 0.9774305555555556 0.3281893004115226 0.04513888888888889 0.12448559670781893
7 0.6701388888888888 0.17463991769547324 0.19058641975308643 0.13220164609053497
2 0.44830246913580246 0.30246913580246915 0.17515432098765432 0.12448559670781893
7 0.9178240740740741 0.23765432098765432 0.16280864197530864 0.1748971193415638
2 0.894483024691358 0.6183127572016461 0.21103395061728394 0.24794238683127573
5 0.1722608024691358 0.12962962962962962 0.15084876543209877 0.16872427983539096
0 0.2640817901234568 0.8685699588477366 0.08989197530864197 0.25977366255144035
