0,-1,757,272,11,15,1,-1,-1,-1
0,-1,346,315,20,14,1,-1,-1,-1
0,-1,634,259,15,13,1,-1,-1,-1
0,-1,597,273,21,15,1,-1,-1,-1
0,-1,710,274,20,20,1,-1,-1,-1
0,-1,570,287,23,29,1,-1,-1,-1
0,-1,687,288,25,26,1,-1,-1,-1
1,-1,757,272,11,15,1,-1,-1,-1
1,-1,346,315,20,14,1,-1,-1,-1
1,-1,633,259,16,13,1,-1,-1,-1
1,-1,597,273,20,16,1,-1,-1,-1
1,-1,710,274,20,19,1,-1,-1,-1
1,-1,569,288,25,28,1,-1,-1,-1
1,-1,687,287,24,27,1,-1,-1,-1
2,-1,589,299,19,17,1,-1,-1,-1
2,-1,756,271,12,16,1,-1,-1,-1
2,-1,346,315,20,14,1,-1,-1,-1
2,-1,633,259,15,13,1,-1,-1,-1
2,-1,597,274,20,15,1,-1,-1,-1
2,-1,710,274,19,19,1,-1,-1,-1
2,-1,566,287,24,29,1,-1,-1,-1
2,-1,686,287,25,27,1,-1,-1,-1
3,-1,756,271,12,16,1,-1,-1,-1
3,-1,346,315,20,14,1,-1,-1,-1
3,-1,633,259,16,14,1,-1,-1,-1
3,-1,597,274,20,15,1,-1,-1,-1
3,-1,710,273,19,20,1,-1,-1,-1
3,-1,567,288,26,30,1,-1,-1,-1
3,-1,686,287,24,26,1,-1,-1,-1
4,-1,756,272,12,15,1,-1,-1,-1
4,-1,346,315,20,14,1,-1,-1,-1
4,-1,632,259,17,14,1,-1,-1,-1
4,-1,595,274,19,15,1,-1,-1,-1
4,-1,710,273,19,20,1,-1,-1,-1
4,-1,565,288,27,31,1,-1,-1,-1
4,-1,685,286,25,26,1,-1,-1,-1
5,-1,756,272,12,15,1,-1,-1,-1
5,-1,346,315,20,14,1,-1,-1,-1
5,-1,632,259,18,14,1,-1,-1,-1
5,-1,596,274,18,15,1,-1,-1,-1
5,-1,709,272,20,21,1,-1,-1,-1
5,-1,563,290,26,29,1,-1,-1,-1
5,-1,685,286,24,26,1,-1,-1,-1
6,-1,1000,617,178,101,1,-1,-1,-1
6,-1,756,271,12,16,1,-1,-1,-1
6,-1,346,315,20,13,1,-1,-1,-1
6,-1,632,259,18,14,1,-1,-1,-1
6,-1,595,274,18,16,1,-1,-1,-1
6,-1,710,273,19,19,1,-1,-1,-1
6,-1,562,294,25,26,1,-1,-1,-1
6,-1,685,286,24,26,1,-1,-1,-1
7,-1,983,598,169,118,1,-1,-1,-1
7,-1,756,271,12,16,1,-1,-1,-1
7,-1,346,315,20,13,1,-1,-1,-1
7,-1,632,258,18,16,1,-1,-1,-1
7,-1,596,274,17,15,1,-1,-1,-1
7,-1,709,273,20,19,1,-1,-1,-1
7,-1,561,293,26,27,1,-1,-1,-1
7,-1,685,285,23,26,1,-1,-1,-1
8,-1,968,582,158,116,1,-1,-1,-1
8,-1,756,271,12,16,1,-1,-1,-1
8,-1,346,315,20,13,1,-1,-1,-1
8,-1,632,258,18,16,1,-1,-1,-1
8,-1,595,275,17,14,1,-1,-1,-1
8,-1,709,272,20,20,1,-1,-1,-1
8,-1,560,293,27,28,1,-1,-1,-1
8,-1,685,283,24,28,1,-1,-1,-1
9,-1,955,567,149,107,1,-1,-1,-1
9,-1,756,271,11,16,1,-1,-1,-1
9,-1,346,315,20,13,1,-1,-1,-1
9,-1,631,257,20,17,1,-1,-1,-1
9,-1,595,275,17,14,1,-1,-1,-1
9,-1,708,272,21,19,1,-1,-1,-1
9,-1,560,294,26,27,1,-1,-1,-1
9,-1,685,284,23,26,1,-1,-1,-1
10,-1,942,554,142,105,1,-1,-1,-1
10,-1,756,271,11,16,1,-1,-1,-1
10,-1,346,314,20,15,1,-1,-1,-1
10,-1,631,257,20,17,1,-1,-1,-1
10,-1,594,274,17,15,1,-1,-1,-1
10,-1,705,268,21,21,1,-1,-1,-1
10,-1,558,297,27,28,1,-1,-1,-1
10,-1,684,283,24,26,1,-1,-1,-1
11,-1,564,286,22,16,1,-1,-1,-1
11,-1,932,540,133,99,1,-1,-1,-1
11,-1,756,271,11,16,1,-1,-1,-1
11,-1,346,315,20,13,1,-1,-1,-1
11,-1,631,257,21,17,1,-1,-1,-1
11,-1,594,274,17,15,1,-1,-1,-1
11,-1,705,268,21,21,1,-1,-1,-1
11,-1,556,298,27,28,1,-1,-1,-1
11,-1,684,283,23,25,1,-1,-1,-1
12,-1,921,529,126,94,1,-1,-1,-1
12,-1,756,271,11,16,1,-1,-1,-1
12,-1,346,315,20,13,1,-1,-1,-1
12,-1,631,258,20,16,1,-1,-1,-1
12,-1,593,274,17,15,1,-1,-1,-1
12,-1,705,269,21,20,1,-1,-1,-1
12,-1,555,297,29,31,1,-1,-1,-1
12,-1,684,284,23,24,1,-1,-1,-1
13,-1,914,519,115,86,1,-1,-1,-1
13,-1,756,271,11,16,1,-1,-1,-1
13,-1,346,315,20,14,1,-1,-1,-1
13,-1,629,259,20,14,1,-1,-1,-1
13,-1,593,274,17,15,1,-1,-1,-1
13,-1,705,268,21,20,1,-1,-1,-1
13,-1,554,297,29,31,1,-1,-1,-1
13,-1,684,284,23,23,1,-1,-1,-1
14,-1,903,506,113,85,1,-1,-1,-1
14,-1,755,271,12,16,1,-1,-1,-1
14,-1,346,314,20,15,1,-1,-1,-1
14,-1,629,260,21,13,1,-1,-1,-1
14,-1,593,275,16,14,1,-1,-1,-1
14,-1,705,268,21,20,1,-1,-1,-1
14,-1,554,299,27,30,1,-1,-1,-1
14,-1,683,282,23,24,1,-1,-1,-1
15,-1,894,499,111,84,1,-1,-1,-1
15,-1,756,271,12,16,1,-1,-1,-1
15,-1,630,259,23,16,1,-1,-1,-1
15,-1,592,275,17,15,1,-1,-1,-1
15,-1,705,268,22,20,1,-1,-1,-1
15,-1,552,299,28,31,1,-1,-1,-1
15,-1,683,283,23,22,1,-1,-1,-1
16,-1,887,488,102,81,1,-1,-1,-1
16,-1,755,271,13,16,1,-1,-1,-1
16,-1,629,260,21,14,1,-1,-1,-1
16,-1,592,274,17,16,1,-1,-1,-1
16,-1,705,268,22,20,1,-1,-1,-1
16,-1,550,300,29,30,1,-1,-1,-1
16,-1,683,283,23,21,1,-1,-1,-1
17,-1,880,474,99,87,1,-1,-1,-1
17,-1,755,271,13,16,1,-1,-1,-1
17,-1,628,260,21,14,1,-1,-1,-1
17,-1,591,274,17,17,1,-1,-1,-1
17,-1,705,268,20,19,1,-1,-1,-1
17,-1,550,302,27,30,1,-1,-1,-1
17,-1,683,283,22,20,1,-1,-1,-1
18,-1,871,474,96,74,1,-1,-1,-1
18,-1,755,271,13,16,1,-1,-1,-1
18,-1,629,260,19,14,1,-1,-1,-1
18,-1,591,275,16,15,1,-1,-1,-1
18,-1,705,268,20,19,1,-1,-1,-1
18,-1,547,304,29,28,1,-1,-1,-1
18,-1,683,283,22,19,1,-1,-1,-1
19,-1,560,294,23,13,1,-1,-1,-1
19,-1,864,467,95,74,1,-1,-1,-1
19,-1,756,271,11,17,1,-1,-1,-1
19,-1,629,261,18,13,1,-1,-1,-1
19,-1,590,276,16,15,1,-1,-1,-1
19,-1,705,268,19,20,1,-1,-1,-1
19,-1,546,306,30,28,1,-1,-1,-1
19,-1,683,283,22,19,1,-1,-1,-1
20,-1,559,294,21,13,1,-1,-1,-1
20,-1,859,460,89,71,1,-1,-1,-1
20,-1,755,271,12,17,1,-1,-1,-1
20,-1,629,261,18,14,1,-1,-1,-1
20,-1,590,276,16,15,1,-1,-1,-1
20,-1,706,269,18,19,1,-1,-1,-1
20,-1,545,306,31,28,1,-1,-1,-1
20,-1,683,283,22,18,1,-1,-1,-1
21,-1,551,292,29,22,1,-1,-1,-1
21,-1,853,454,82,63,1,-1,-1,-1
21,-1,567,313,27,21,1,-1,-1,-1
21,-1,755,271,12,17,1,-1,-1,-1
21,-1,629,261,17,14,1,-1,-1,-1
21,-1,590,276,16,16,1,-1,-1,-1
21,-1,705,269,19,18,1,-1,-1,-1
21,-1,544,309,30,26,1,-1,-1,-1
21,-1,683,282,22,19,1,-1,-1,-1
22,-1,554,293,26,20,1,-1,-1,-1
22,-1,850,448,81,63,1,-1,-1,-1
22,-1,566,313,27,23,1,-1,-1,-1
22,-1,755,271,12,17,1,-1,-1,-1
22,-1,628,261,18,15,1,-1,-1,-1
22,-1,590,277,15,16,1,-1,-1,-1
22,-1,705,268,19,19,1,-1,-1,-1
22,-1,542,310,30,25,1,-1,-1,-1
22,-1,683,283,21,18,1,-1,-1,-1
23,-1,553,293,26,19,1,-1,-1,-1
23,-1,844,444,76,51,1,-1,-1,-1
23,-1,566,311,27,27,1,-1,-1,-1
23,-1,755,271,12,17,1,-1,-1,-1
23,-1,628,260,18,16,1,-1,-1,-1
23,-1,589,278,16,15,1,-1,-1,-1
23,-1,705,267,19,20,1,-1,-1,-1
23,-1,541,310,29,27,1,-1,-1,-1
23,-1,683,282,21,19,1,-1,-1,-1
24,-1,553,294,25,19,1,-1,-1,-1
24,-1,838,437,74,52,1,-1,-1,-1
24,-1,755,271,12,17,1,-1,-1,-1
24,-1,628,260,18,16,1,-1,-1,-1
24,-1,588,277,17,16,1,-1,-1,-1
24,-1,705,267,18,19,1,-1,-1,-1
24,-1,539,310,30,28,1,-1,-1,-1
24,-1,683,281,21,20,1,-1,-1,-1
25,-1,553,295,24,18,1,-1,-1,-1
25,-1,834,432,72,55,1,-1,-1,-1
25,-1,755,271,13,16,1,-1,-1,-1
25,-1,628,260,18,16,1,-1,-1,-1
25,-1,588,276,17,18,1,-1,-1,-1
25,-1,704,267,19,19,1,-1,-1,-1
25,-1,538,310,31,31,1,-1,-1,-1
25,-1,683,281,21,19,1,-1,-1,-1
26,-1,553,295,23,20,1,-1,-1,-1
26,-1,831,428,68,52,1,-1,-1,-1
26,-1,755,271,13,16,1,-1,-1,-1
26,-1,628,260,17,16,1,-1,-1,-1
26,-1,587,278,19,17,1,-1,-1,-1
26,-1,704,268,19,18,1,-1,-1,-1
26,-1,535,312,33,30,1,-1,-1,-1
26,-1,683,281,21,18,1,-1,-1,-1
27,-1,553,295,22,20,1,-1,-1,-1
27,-1,825,423,69,51,1,-1,-1,-1
27,-1,628,260,18,16,1,-1,-1,-1
27,-1,586,278,20,18,1,-1,-1,-1
27,-1,705,267,18,19,1,-1,-1,-1
27,-1,534,313,33,31,1,-1,-1,-1
27,-1,683,281,21,17,1,-1,-1,-1
28,-1,553,296,22,20,1,-1,-1,-1
28,-1,832,436,57,38,1,-1,-1,-1
28,-1,628,261,17,16,1,-1,-1,-1
28,-1,587,280,18,16,1,-1,-1,-1
28,-1,705,267,18,19,1,-1,-1,-1
28,-1,532,314,33,32,1,-1,-1,-1
28,-1,683,281,22,18,1,-1,-1,-1
29,-1,552,296,24,21,1,-1,-1,-1
29,-1,628,261,17,15,1,-1,-1,-1
29,-1,586,279,18,17,1,-1,-1,-1
29,-1,705,266,18,19,1,-1,-1,-1
29,-1,529,315,35,31,1,-1,-1,-1
29,-1,683,280,21,19,1,-1,-1,-1
30,-1,816,411,61,49,1,-1,-1,-1
30,-1,551,298,24,20,1,-1,-1,-1
30,-1,626,261,19,15,1,-1,-1,-1
30,-1,584,279,20,18,1,-1,-1,-1
30,-1,705,266,17,19,1,-1,-1,-1
30,-1,528,316,33,32,1,-1,-1,-1
30,-1,683,278,20,21,1,-1,-1,-1
31,-1,810,409,61,44,1,-1,-1,-1
31,-1,547,298,25,23,1,-1,-1,-1
31,-1,626,261,18,15,1,-1,-1,-1
31,-1,584,280,19,17,1,-1,-1,-1
31,-1,704,266,18,20,1,-1,-1,-1
31,-1,528,317,31,32,1,-1,-1,-1
31,-1,683,277,20,22,1,-1,-1,-1
32,-1,807,403,58,44,1,-1,-1,-1
32,-1,545,300,25,22,1,-1,-1,-1
32,-1,625,262,18,15,1,-1,-1,-1
32,-1,582,280,21,17,1,-1,-1,-1
32,-1,703,265,19,21,1,-1,-1,-1
32,-1,525,319,33,31,1,-1,-1,-1
32,-1,682,276,21,22,1,-1,-1,-1
33,-1,804,399,58,44,1,-1,-1,-1
33,-1,544,301,25,21,1,-1,-1,-1
33,-1,625,262,18,15,1,-1,-1,-1
33,-1,581,280,21,17,1,-1,-1,-1
33,-1,703,265,19,20,1,-1,-1,-1
33,-1,524,321,32,30,1,-1,-1,-1
33,-1,682,276,21,22,1,-1,-1,-1
34,-1,801,396,56,44,1,-1,-1,-1
34,-1,543,301,24,20,1,-1,-1,-1
34,-1,625,262,18,16,1,-1,-1,-1
34,-1,580,281,22,17,1,-1,-1,-1
34,-1,703,264,19,22,1,-1,-1,-1
34,-1,522,321,33,31,1,-1,-1,-1
34,-1,683,275,20,23,1,-1,-1,-1
35,-1,800,394,53,43,1,-1,-1,-1
35,-1,542,301,25,21,1,-1,-1,-1
35,-1,624,263,18,16,1,-1,-1,-1
35,-1,580,281,22,17,1,-1,-1,-1
35,-1,703,264,19,22,1,-1,-1,-1
35,-1,520,321,35,33,1,-1,-1,-1
35,-1,683,274,21,24,1,-1,-1,-1
36,-1,795,392,53,38,1,-1,-1,-1
36,-1,541,302,26,21,1,-1,-1,-1
36,-1,624,262,18,16,1,-1,-1,-1
36,-1,578,282,23,16,1,-1,-1,-1
36,-1,703,263,19,22,1,-1,-1,-1
36,-1,518,321,39,35,1,-1,-1,-1
36,-1,683,271,22,26,1,-1,-1,-1
37,-1,791,387,56,39,1,-1,-1,-1
37,-1,540,303,24,21,1,-1,-1,-1
37,-1,623,262,18,14,1,-1,-1,-1
37,-1,578,282,22,17,1,-1,-1,-1
37,-1,703,264,19,21,1,-1,-1,-1
37,-1,515,324,38,34,1,-1,-1,-1
37,-1,683,270,23,27,1,-1,-1,-1
38,-1,790,385,51,37,1,-1,-1,-1
38,-1,539,303,25,22,1,-1,-1,-1
38,-1,623,261,18,15,1,-1,-1,-1
38,-1,577,284,21,15,1,-1,-1,-1
38,-1,702,263,20,22,1,-1,-1,-1
38,-1,513,324,37,35,1,-1,-1,-1
38,-1,682,270,23,27,1,-1,-1,-1
39,-1,789,383,47,34,1,-1,-1,-1
39,-1,538,303,25,21,1,-1,-1,-1
39,-1,623,261,18,16,1,-1,-1,-1
39,-1,576,285,21,14,1,-1,-1,-1
39,-1,703,261,19,23,1,-1,-1,-1
39,-1,510,324,39,37,1,-1,-1,-1
39,-1,682,269,23,27,1,-1,-1,-1
40,-1,784,378,49,40,1,-1,-1,-1
40,-1,537,304,26,22,1,-1,-1,-1
40,-1,623,261,18,15,1,-1,-1,-1
40,-1,576,285,21,14,1,-1,-1,-1
40,-1,702,261,19,23,1,-1,-1,-1
40,-1,509,325,38,37,1,-1,-1,-1
40,-1,681,272,22,24,1,-1,-1,-1
41,-1,781,378,49,33,1,-1,-1,-1
41,-1,535,304,26,21,1,-1,-1,-1
41,-1,623,262,17,14,1,-1,-1,-1
41,-1,575,285,21,15,1,-1,-1,-1
41,-1,702,261,19,23,1,-1,-1,-1
41,-1,507,326,37,37,1,-1,-1,-1
41,-1,681,271,22,24,1,-1,-1,-1
42,-1,780,375,50,35,1,-1,-1,-1
42,-1,534,306,26,21,1,-1,-1,-1
42,-1,623,263,18,18,1,-1,-1,-1
42,-1,575,285,20,15,1,-1,-1,-1
42,-1,702,260,19,23,1,-1,-1,-1
42,-1,505,327,37,39,1,-1,-1,-1
42,-1,681,271,21,24,1,-1,-1,-1
43,-1,779,372,44,33,1,-1,-1,-1
43,-1,533,307,26,22,1,-1,-1,-1
43,-1,624,265,17,17,1,-1,-1,-1
43,-1,575,285,19,16,1,-1,-1,-1
43,-1,702,261,20,22,1,-1,-1,-1
43,-1,503,327,36,41,1,-1,-1,-1
43,-1,681,270,21,24,1,-1,-1,-1
44,-1,776,370,46,33,1,-1,-1,-1
44,-1,531,307,26,24,1,-1,-1,-1
44,-1,623,265,17,17,1,-1,-1,-1
44,-1,574,285,20,17,1,-1,-1,-1
44,-1,704,259,18,25,1,-1,-1,-1
44,-1,501,329,38,41,1,-1,-1,-1
44,-1,681,270,21,24,1,-1,-1,-1
45,-1,774,368,47,32,1,-1,-1,-1
45,-1,529,309,27,24,1,-1,-1,-1
45,-1,623,265,17,17,1,-1,-1,-1
45,-1,573,286,20,16,1,-1,-1,-1
45,-1,704,258,17,26,1,-1,-1,-1
45,-1,498,331,39,42,1,-1,-1,-1
45,-1,682,269,20,24,1,-1,-1,-1
46,-1,771,366,51,33,1,-1,-1,-1
46,-1,528,309,27,24,1,-1,-1,-1
46,-1,623,266,17,17,1,-1,-1,-1
46,-1,572,285,20,17,1,-1,-1,-1
46,-1,704,258,17,26,1,-1,-1,-1
46,-1,495,334,41,40,1,-1,-1,-1
46,-1,681,269,20,24,1,-1,-1,-1
47,-1,771,363,47,34,1,-1,-1,-1
47,-1,526,310,28,24,1,-1,-1,-1
47,-1,623,266,17,17,1,-1,-1,-1
47,-1,572,286,19,17,1,-1,-1,-1
47,-1,493,336,43,40,1,-1,-1,-1
47,-1,681,269,19,24,1,-1,-1,-1
48,-1,768,363,47,32,1,-1,-1,-1
48,-1,526,312,27,23,1,-1,-1,-1
48,-1,622,266,17,17,1,-1,-1,-1
48,-1,571,286,19,17,1,-1,-1,-1
48,-1,491,338,42,39,1,-1,-1,-1
48,-1,681,270,19,22,1,-1,-1,-1
49,-1,766,362,50,31,1,-1,-1,-1
49,-1,525,313,27,23,1,-1,-1,-1
49,-1,623,266,16,18,1,-1,-1,-1
49,-1,570,287,20,16,1,-1,-1,-1
49,-1,487,339,45,41,1,-1,-1,-1
49,-1,682,269,18,23,1,-1,-1,-1
50,-1,765,359,51,32,1,-1,-1,-1
50,-1,524,313,26,24,1,-1,-1,-1
50,-1,622,270,18,14,1,-1,-1,-1
50,-1,569,287,20,16,1,-1,-1,-1
50,-1,485,339,42,44,1,-1,-1,-1
50,-1,682,270,17,21,1,-1,-1,-1
51,-1,765,356,43,30,1,-1,-1,-1
51,-1,522,313,28,25,1,-1,-1,-1
51,-1,623,271,17,13,1,-1,-1,-1
51,-1,569,286,19,18,1,-1,-1,-1
51,-1,481,340,44,45,1,-1,-1,-1
51,-1,682,270,17,21,1,-1,-1,-1
52,-1,763,354,44,30,1,-1,-1,-1
52,-1,521,314,28,26,1,-1,-1,-1
52,-1,623,270,17,14,1,-1,-1,-1
52,-1,568,286,20,18,1,-1,-1,-1
52,-1,702,260,18,23,1,-1,-1,-1
52,-1,479,342,44,47,1,-1,-1,-1
52,-1,682,270,17,20,1,-1,-1,-1
53,-1,761,352,43,31,1,-1,-1,-1
53,-1,519,314,28,27,1,-1,-1,-1
53,-1,623,272,16,12,1,-1,-1,-1
53,-1,567,286,21,18,1,-1,-1,-1
53,-1,702,259,18,24,1,-1,-1,-1
53,-1,477,344,44,47,1,-1,-1,-1
53,-1,681,270,18,19,1,-1,-1,-1
54,-1,759,351,44,30,1,-1,-1,-1
54,-1,517,315,29,27,1,-1,-1,-1
54,-1,622,273,17,12,1,-1,-1,-1
54,-1,567,287,20,19,1,-1,-1,-1
54,-1,702,260,18,23,1,-1,-1,-1
54,-1,472,346,48,47,1,-1,-1,-1
54,-1,681,270,18,19,1,-1,-1,-1
55,-1,757,347,42,32,1,-1,-1,-1
55,-1,515,316,30,28,1,-1,-1,-1
55,-1,622,272,18,13,1,-1,-1,-1
55,-1,566,287,21,19,1,-1,-1,-1
55,-1,702,259,18,24,1,-1,-1,-1
55,-1,468,347,51,49,1,-1,-1,-1
55,-1,681,270,18,19,1,-1,-1,-1
56,-1,620,265,17,17,1,-1,-1,-1
56,-1,756,347,41,30,1,-1,-1,-1
56,-1,513,318,30,28,1,-1,-1,-1
56,-1,621,273,19,13,1,-1,-1,-1
56,-1,564,288,23,19,1,-1,-1,-1
56,-1,465,349,51,52,1,-1,-1,-1
56,-1,681,270,17,19,1,-1,-1,-1
57,-1,620,266,17,17,1,-1,-1,-1
57,-1,754,346,42,28,1,-1,-1,-1
57,-1,512,318,30,28,1,-1,-1,-1
57,-1,621,273,19,13,1,-1,-1,-1
57,-1,563,288,24,20,1,-1,-1,-1
57,-1,462,352,52,51,1,-1,-1,-1
57,-1,681,270,17,18,1,-1,-1,-1
58,-1,619,266,18,17,1,-1,-1,-1
58,-1,753,344,46,29,1,-1,-1,-1
58,-1,510,319,31,28,1,-1,-1,-1
58,-1,620,274,20,13,1,-1,-1,-1
58,-1,562,288,24,22,1,-1,-1,-1
58,-1,457,353,55,53,1,-1,-1,-1
58,-1,681,270,17,18,1,-1,-1,-1
59,-1,751,342,44,29,1,-1,-1,-1
59,-1,510,320,31,27,1,-1,-1,-1
59,-1,620,274,20,13,1,-1,-1,-1
59,-1,562,287,24,24,1,-1,-1,-1
59,-1,454,355,55,54,1,-1,-1,-1
59,-1,682,270,16,18,1,-1,-1,-1
60,-1,750,339,45,31,1,-1,-1,-1
60,-1,507,321,32,27,1,-1,-1,-1
60,-1,620,275,19,13,1,-1,-1,-1
60,-1,561,288,24,23,1,-1,-1,-1
60,-1,701,257,18,24,1,-1,-1,-1
60,-1,450,357,56,54,1,-1,-1,-1
60,-1,681,269,17,18,1,-1,-1,-1
61,-1,750,339,40,28,1,-1,-1,-1
61,-1,505,322,33,28,1,-1,-1,-1
61,-1,620,275,19,13,1,-1,-1,-1
61,-1,561,288,23,24,1,-1,-1,-1
61,-1,447,356,57,59,1,-1,-1,-1
61,-1,681,268,17,19,1,-1,-1,-1
62,-1,749,338,40,28,1,-1,-1,-1
62,-1,504,322,31,29,1,-1,-1,-1
62,-1,620,275,19,14,1,-1,-1,-1
62,-1,560,290,23,23,1,-1,-1,-1
62,-1,443,357,58,61,1,-1,-1,-1
62,-1,681,268,17,19,1,-1,-1,-1
63,-1,748,337,39,27,1,-1,-1,-1
63,-1,502,324,31,29,1,-1,-1,-1
63,-1,620,276,18,13,1,-1,-1,-1
63,-1,559,290,24,23,1,-1,-1,-1
63,-1,438,363,59,61,1,-1,-1,-1
63,-1,681,268,17,19,1,-1,-1,-1
64,-1,747,336,40,27,1,-1,-1,-1
64,-1,500,325,32,30,1,-1,-1,-1
64,-1,620,277,18,12,1,-1,-1,-1
64,-1,558,290,24,23,1,-1,-1,-1
64,-1,434,366,61,61,1,-1,-1,-1
64,-1,681,267,17,20,1,-1,-1,-1
65,-1,746,335,43,27,1,-1,-1,-1
65,-1,497,325,33,32,1,-1,-1,-1
65,-1,620,278,18,12,1,-1,-1,-1
65,-1,556,292,25,22,1,-1,-1,-1
65,-1,428,371,62,60,1,-1,-1,-1
65,-1,681,267,17,20,1,-1,-1,-1
66,-1,744,332,37,27,1,-1,-1,-1
66,-1,495,325,34,33,1,-1,-1,-1
66,-1,619,278,19,13,1,-1,-1,-1
66,-1,555,292,24,23,1,-1,-1,-1
66,-1,424,373,64,62,1,-1,-1,-1
66,-1,681,268,17,19,1,-1,-1,-1
67,-1,743,331,35,24,1,-1,-1,-1
67,-1,494,326,34,32,1,-1,-1,-1
67,-1,619,279,18,13,1,-1,-1,-1
67,-1,554,293,24,22,1,-1,-1,-1
67,-1,419,375,67,65,1,-1,-1,-1
67,-1,681,268,17,19,1,-1,-1,-1
68,-1,742,331,35,23,1,-1,-1,-1
68,-1,493,327,34,34,1,-1,-1,-1
68,-1,619,280,18,12,1,-1,-1,-1
68,-1,555,293,21,24,1,-1,-1,-1
68,-1,413,378,69,65,1,-1,-1,-1
68,-1,681,267,17,20,1,-1,-1,-1
69,-1,742,330,35,23,1,-1,-1,-1
69,-1,491,329,34,33,1,-1,-1,-1
69,-1,619,280,18,12,1,-1,-1,-1
69,-1,554,293,22,24,1,-1,-1,-1
69,-1,408,380,68,68,1,-1,-1,-1
69,-1,680,265,18,20,1,-1,-1,-1
70,-1,741,328,37,24,1,-1,-1,-1
70,-1,488,330,35,33,1,-1,-1,-1
70,-1,619,281,17,12,1,-1,-1,-1
70,-1,553,293,22,24,1,-1,-1,-1
70,-1,402,383,71,72,1,-1,-1,-1
70,-1,680,265,18,20,1,-1,-1,-1
71,-1,740,327,38,25,1,-1,-1,-1
71,-1,485,332,36,33,1,-1,-1,-1
71,-1,618,281,18,12,1,-1,-1,-1
71,-1,551,294,24,24,1,-1,-1,-1
71,-1,396,386,74,74,1,-1,-1,-1
71,-1,679,264,19,21,1,-1,-1,-1
72,-1,738,326,38,24,1,-1,-1,-1
72,-1,483,333,36,34,1,-1,-1,-1
72,-1,618,281,19,12,1,-1,-1,-1
72,-1,552,295,22,24,1,-1,-1,-1
72,-1,389,391,77,75,1,-1,-1,-1
72,-1,679,264,18,20,1,-1,-1,-1
73,-1,737,324,35,24,1,-1,-1,-1
73,-1,481,335,36,33,1,-1,-1,-1
73,-1,617,281,19,13,1,-1,-1,-1
73,-1,551,297,23,22,1,-1,-1,-1
73,-1,382,394,79,78,1,-1,-1,-1
73,-1,679,264,18,20,1,-1,-1,-1
74,-1,825,613,153,104,1,-1,-1,-1
74,-1,736,323,36,24,1,-1,-1,-1
74,-1,479,336,36,34,1,-1,-1,-1
74,-1,618,281,17,13,1,-1,-1,-1
74,-1,548,297,25,22,1,-1,-1,-1
74,-1,376,398,81,79,1,-1,-1,-1
74,-1,679,264,18,20,1,-1,-1,-1
75,-1,815,588,142,129,1,-1,-1,-1
75,-1,736,322,33,24,1,-1,-1,-1
75,-1,477,336,36,36,1,-1,-1,-1
75,-1,617,282,17,12,1,-1,-1,-1
75,-1,547,299,25,21,1,-1,-1,-1
75,-1,368,402,83,84,1,-1,-1,-1
75,-1,679,264,18,20,1,-1,-1,-1
76,-1,805,572,134,120,1,-1,-1,-1
76,-1,735,321,34,25,1,-1,-1,-1
76,-1,473,338,39,37,1,-1,-1,-1
76,-1,617,283,17,12,1,-1,-1,-1
76,-1,547,298,24,22,1,-1,-1,-1
76,-1,359,407,86,85,1,-1,-1,-1
76,-1,679,264,18,20,1,-1,-1,-1
77,-1,796,556,125,109,1,-1,-1,-1
77,-1,735,321,32,24,1,-1,-1,-1
77,-1,470,340,40,36,1,-1,-1,-1
77,-1,616,283,19,13,1,-1,-1,-1
77,-1,546,299,24,22,1,-1,-1,-1
77,-1,351,411,90,89,1,-1,-1,-1
77,-1,679,264,18,19,1,-1,-1,-1
78,-1,789,541,120,101,1,-1,-1,-1
78,-1,735,320,30,23,1,-1,-1,-1
78,-1,467,341,42,37,1,-1,-1,-1
78,-1,616,282,19,14,1,-1,-1,-1
78,-1,544,299,26,23,1,-1,-1,-1
78,-1,701,254,14,23,1,-1,-1,-1
78,-1,342,415,95,93,1,-1,-1,-1
79,-1,782,527,111,96,1,-1,-1,-1
79,-1,733,319,31,24,1,-1,-1,-1
79,-1,465,342,42,39,1,-1,-1,-1
79,-1,616,282,18,14,1,-1,-1,-1
79,-1,543,299,26,24,1,-1,-1,-1
79,-1,700,254,15,23,1,-1,-1,-1
79,-1,333,421,96,97,1,-1,-1,-1
80,-1,777,513,105,92,1,-1,-1,-1
80,-1,733,318,30,22,1,-1,-1,-1
80,-1,462,342,43,40,1,-1,-1,-1
80,-1,615,283,18,14,1,-1,-1,-1
80,-1,543,299,25,25,1,-1,-1,-1
80,-1,701,254,15,23,1,-1,-1,-1
80,-1,323,426,101,99,1,-1,-1,-1
81,-1,771,502,99,86,1,-1,-1,-1
81,-1,732,316,30,22,1,-1,-1,-1
81,-1,461,343,42,42,1,-1,-1,-1
81,-1,615,284,18,13,1,-1,-1,-1
81,-1,542,300,25,25,1,-1,-1,-1
81,-1,700,254,16,23,1,-1,-1,-1
81,-1,311,430,108,104,1,-1,-1,-1
82,-1,766,491,96,82,1,-1,-1,-1
82,-1,731,315,32,21,1,-1,-1,-1
82,-1,456,343,46,45,1,-1,-1,-1
82,-1,614,284,18,14,1,-1,-1,-1
82,-1,541,299,25,27,1,-1,-1,-1
82,-1,700,254,16,23,1,-1,-1,-1
82,-1,301,439,110,107,1,-1,-1,-1
83,-1,761,481,91,80,1,-1,-1,-1
83,-1,731,315,29,20,1,-1,-1,-1
83,-1,453,345,46,45,1,-1,-1,-1
83,-1,613,284,19,14,1,-1,-1,-1
83,-1,540,300,25,26,1,-1,-1,-1
83,-1,701,254,15,22,1,-1,-1,-1
83,-1,288,445,118,110,1,-1,-1,-1
84,-1,754,470,89,77,1,-1,-1,-1
84,-1,730,314,30,20,1,-1,-1,-1
84,-1,450,348,48,44,1,-1,-1,-1
84,-1,614,284,17,14,1,-1,-1,-1
84,-1,538,301,26,26,1,-1,-1,-1
84,-1,701,254,14,22,1,-1,-1,-1
84,-1,276,449,120,119,1,-1,-1,-1
85,-1,752,464,81,73,1,-1,-1,-1
85,-1,729,314,29,20,1,-1,-1,-1
85,-1,447,351,48,42,1,-1,-1,-1
85,-1,613,285,17,14,1,-1,-1,-1
85,-1,535,303,30,26,1,-1,-1,-1
85,-1,701,254,14,22,1,-1,-1,-1
85,-1,261,457,128,122,1,-1,-1,-1
86,-1,750,457,78,69,1,-1,-1,-1
86,-1,729,312,30,20,1,-1,-1,-1
86,-1,443,352,51,45,1,-1,-1,-1
86,-1,612,285,18,14,1,-1,-1,-1
86,-1,534,303,30,27,1,-1,-1,-1
86,-1,701,253,14,23,1,-1,-1,-1
86,-1,246,466,132,127,1,-1,-1,-1
87,-1,744,450,78,67,1,-1,-1,-1
87,-1,729,312,29,20,1,-1,-1,-1
87,-1,440,354,50,46,1,-1,-1,-1
87,-1,612,285,18,14,1,-1,-1,-1
87,-1,532,303,31,28,1,-1,-1,-1
87,-1,700,253,15,23,1,-1,-1,-1
87,-1,230,474,138,134,1,-1,-1,-1
88,-1,740,444,78,62,1,-1,-1,-1
88,-1,727,312,31,19,1,-1,-1,-1
88,-1,437,355,51,47,1,-1,-1,-1
88,-1,611,286,18,14,1,-1,-1,-1
88,-1,531,304,30,28,1,-1,-1,-1
88,-1,700,253,15,23,1,-1,-1,-1
88,-1,212,483,147,140,1,-1,-1,-1
89,-1,738,438,73,54,1,-1,-1,-1
89,-1,727,310,31,21,1,-1,-1,-1
89,-1,432,354,54,50,1,-1,-1,-1
89,-1,610,287,19,13,1,-1,-1,-1
89,-1,529,306,31,27,1,-1,-1,-1
89,-1,700,253,15,23,1,-1,-1,-1
89,-1,193,492,154,148,1,-1,-1,-1
90,-1,736,432,68,52,1,-1,-1,-1
90,-1,726,309,31,21,1,-1,-1,-1
90,-1,429,357,54,50,1,-1,-1,-1
90,-1,610,287,19,14,1,-1,-1,-1
90,-1,527,306,32,28,1,-1,-1,-1
90,-1,699,253,15,23,1,-1,-1,-1
90,-1,171,504,164,153,1,-1,-1,-1
91,-1,732,425,67,49,1,-1,-1,-1
91,-1,726,307,30,22,1,-1,-1,-1
91,-1,426,360,53,50,1,-1,-1,-1
91,-1,609,288,21,13,1,-1,-1,-1
91,-1,526,307,35,28,1,-1,-1,-1
91,-1,700,254,14,21,1,-1,-1,-1
91,-1,148,515,175,162,1,-1,-1,-1
92,-1,729,421,65,48,1,-1,-1,-1
92,-1,726,306,27,22,1,-1,-1,-1
92,-1,421,362,54,51,1,-1,-1,-1
92,-1,609,288,20,14,1,-1,-1,-1
92,-1,526,307,32,28,1,-1,-1,-1
92,-1,699,253,15,22,1,-1,-1,-1
92,-1,122,527,187,172,1,-1,-1,-1
93,-1,726,414,65,50,1,-1,-1,-1
93,-1,725,306,28,21,1,-1,-1,-1
93,-1,417,364,56,53,1,-1,-1,-1
93,-1,608,290,21,12,1,-1,-1,-1
93,-1,525,308,30,28,1,-1,-1,-1
93,-1,699,253,15,22,1,-1,-1,-1
93,-1,96,540,197,175,1,-1,-1,-1
94,-1,725,411,60,45,1,-1,-1,-1
94,-1,608,267,20,14,1,-1,-1,-1
94,-1,725,306,27,20,1,-1,-1,-1
94,-1,414,367,57,53,1,-1,-1,-1
94,-1,608,290,21,13,1,-1,-1,-1
94,-1,523,308,30,29,1,-1,-1,-1
94,-1,699,254,15,21,1,-1,-1,-1
94,-1,66,556,211,162,1,-1,-1,-1
95,-1,723,406,60,47,1,-1,-1,-1
95,-1,608,267,18,14,1,-1,-1,-1
95,-1,724,306,28,19,1,-1,-1,-1
95,-1,409,369,58,55,1,-1,-1,-1
95,-1,607,290,21,13,1,-1,-1,-1
95,-1,522,309,30,29,1,-1,-1,-1
95,-1,700,254,14,21,1,-1,-1,-1
95,-1,31,571,226,145,1,-1,-1,-1
96,-1,722,402,58,46,1,-1,-1,-1
96,-1,607,267,17,15,1,-1,-1,-1
96,-1,723,305,28,19,1,-1,-1,-1
96,-1,405,370,59,57,1,-1,-1,-1
96,-1,607,291,21,13,1,-1,-1,-1
96,-1,521,311,30,29,1,-1,-1,-1
96,-1,700,254,14,21,1,-1,-1,-1
97,-1,720,400,58,41,1,-1,-1,-1
97,-1,606,268,15,14,1,-1,-1,-1
97,-1,723,305,28,18,1,-1,-1,-1
97,-1,399,372,60,59,1,-1,-1,-1
97,-1,605,292,24,12,1,-1,-1,-1
97,-1,519,311,32,30,1,-1,-1,-1
97,-1,699,254,15,21,1,-1,-1,-1
98,-1,718,394,57,44,1,-1,-1,-1
98,-1,605,269,16,13,1,-1,-1,-1
98,-1,723,305,27,17,1,-1,-1,-1
98,-1,395,374,61,62,1,-1,-1,-1
98,-1,605,292,23,13,1,-1,-1,-1
98,-1,517,312,33,31,1,-1,-1,-1
98,-1,700,254,14,20,1,-1,-1,-1
99,-1,716,392,54,43,1,-1,-1,-1
99,-1,605,269,16,13,1,-1,-1,-1
99,-1,723,304,27,19,1,-1,-1,-1
99,-1,388,377,65,63,1,-1,-1,-1
99,-1,604,292,24,14,1,-1,-1,-1
99,-1,516,313,33,32,1,-1,-1,-1
99,-1,700,254,14,21,1,-1,-1,-1
100,-1,713,387,54,40,1,-1,-1,-1
100,-1,605,269,16,13,1,-1,-1,-1
100,-1,722,304,28,18,1,-1,-1,-1
100,-1,383,381,66,62,1,-1,-1,-1
100,-1,603,292,25,15,1,-1,-1,-1
100,-1,514,313,33,33,1,-1,-1,-1
100,-1,700,255,14,19,1,-1,-1,-1
101,-1,711,382,52,41,1,-1,-1,-1
101,-1,605,270,16,13,1,-1,-1,-1
101,-1,721,303,26,18,1,-1,-1,-1
101,-1,379,385,65,62,1,-1,-1,-1
101,-1,603,292,25,15,1,-1,-1,-1
101,-1,512,315,34,31,1,-1,-1,-1
101,-1,700,255,14,19,1,-1,-1,-1
102,-1,710,379,50,41,1,-1,-1,-1
102,-1,604,270,16,13,1,-1,-1,-1
102,-1,721,302,24,18,1,-1,-1,-1
102,-1,373,386,68,67,1,-1,-1,-1
102,-1,603,293,24,14,1,-1,-1,-1
102,-1,511,315,32,32,1,-1,-1,-1
102,-1,700,255,14,19,1,-1,-1,-1
103,-1,709,376,49,41,1,-1,-1,-1
103,-1,604,270,16,13,1,-1,-1,-1
103,-1,721,301,23,18,1,-1,-1,-1
103,-1,367,391,70,66,1,-1,-1,-1
103,-1,602,292,24,16,1,-1,-1,-1
103,-1,510,317,32,31,1,-1,-1,-1
103,-1,700,255,14,19,1,-1,-1,-1
104,-1,707,373,49,38,1,-1,-1,-1
104,-1,721,302,24,16,1,-1,-1,-1
104,-1,359,393,73,71,1,-1,-1,-1
104,-1,601,292,26,17,1,-1,-1,-1
104,-1,508,318,34,30,1,-1,-1,-1
104,-1,700,254,13,20,1,-1,-1,-1
105,-1,705,371,49,37,1,-1,-1,-1
105,-1,720,301,23,16,1,-1,-1,-1
105,-1,354,396,73,73,1,-1,-1,-1
105,-1,601,292,24,17,1,-1,-1,-1
105,-1,505,319,35,31,1,-1,-1,-1
105,-1,700,254,13,20,1,-1,-1,-1
106,-1,704,368,48,36,1,-1,-1,-1
106,-1,720,301,23,15,1,-1,-1,-1
106,-1,347,399,76,73,1,-1,-1,-1
106,-1,600,292,24,18,1,-1,-1,-1
106,-1,504,319,35,33,1,-1,-1,-1
106,-1,700,253,13,21,1,-1,-1,-1
107,-1,703,366,50,37,1,-1,-1,-1
107,-1,719,300,24,17,1,-1,-1,-1
107,-1,340,403,79,77,1,-1,-1,-1
107,-1,599,292,25,19,1,-1,-1,-1
107,-1,502,320,36,32,1,-1,-1,-1
107,-1,700,253,13,21,1,-1,-1,-1
108,-1,703,363,48,36,1,-1,-1,-1
108,-1,719,300,23,15,1,-1,-1,-1
108,-1,332,408,81,79,1,-1,-1,-1
108,-1,599,292,25,19,1,-1,-1,-1
108,-1,500,322,36,32,1,-1,-1,-1
108,-1,700,253,13,21,1,-1,-1,-1
109,-1,702,359,46,36,1,-1,-1,-1
109,-1,603,269,21,15,1,-1,-1,-1
109,-1,719,300,23,14,1,-1,-1,-1
109,-1,324,409,83,83,1,-1,-1,-1
109,-1,598,294,25,18,1,-1,-1,-1
109,-1,498,323,37,33,1,-1,-1,-1
109,-1,699,252,14,22,1,-1,-1,-1
110,-1,635,256,22,14,1,-1,-1,-1
110,-1,701,358,44,34,1,-1,-1,-1
110,-1,603,269,21,15,1,-1,-1,-1
110,-1,718,299,25,16,1,-1,-1,-1
110,-1,315,416,88,83,1,-1,-1,-1
110,-1,597,295,24,17,1,-1,-1,-1
110,-1,496,323,37,34,1,-1,-1,-1
110,-1,699,252,14,21,1,-1,-1,-1
111,-1,635,256,22,14,1,-1,-1,-1
111,-1,702,357,38,32,1,-1,-1,-1
111,-1,601,270,21,15,1,-1,-1,-1
111,-1,717,299,24,16,1,-1,-1,-1
111,-1,307,420,88,86,1,-1,-1,-1
111,-1,596,298,27,15,1,-1,-1,-1
111,-1,494,324,37,34,1,-1,-1,-1
111,-1,700,252,13,21,1,-1,-1,-1
112,-1,634,256,24,15,1,-1,-1,-1
112,-1,701,356,38,30,1,-1,-1,-1
112,-1,598,270,22,15,1,-1,-1,-1
112,-1,717,297,23,17,1,-1,-1,-1
112,-1,297,423,93,91,1,-1,-1,-1
112,-1,595,300,24,13,1,-1,-1,-1
112,-1,492,325,37,35,1,-1,-1,-1
112,-1,700,252,13,21,1,-1,-1,-1
113,-1,699,353,40,31,1,-1,-1,-1
113,-1,600,271,17,14,1,-1,-1,-1
113,-1,717,297,23,16,1,-1,-1,-1
113,-1,288,429,94,93,1,-1,-1,-1
113,-1,595,300,23,14,1,-1,-1,-1
113,-1,491,325,37,36,1,-1,-1,-1
113,-1,699,253,14,20,1,-1,-1,-1
114,-1,698,350,40,31,1,-1,-1,-1
114,-1,600,271,17,14,1,-1,-1,-1
114,-1,717,295,23,18,1,-1,-1,-1
114,-1,277,434,99,95,1,-1,-1,-1
114,-1,595,301,23,14,1,-1,-1,-1
114,-1,488,327,39,36,1,-1,-1,-1
114,-1,699,253,14,20,1,-1,-1,-1
115,-1,697,349,40,30,1,-1,-1,-1
115,-1,600,271,16,15,1,-1,-1,-1
115,-1,716,295,24,17,1,-1,-1,-1
115,-1,266,439,103,100,1,-1,-1,-1
115,-1,594,300,23,16,1,-1,-1,-1
115,-1,486,327,39,37,1,-1,-1,-1
115,-1,699,252,14,21,1,-1,-1,-1
116,-1,696,344,38,32,1,-1,-1,-1
116,-1,599,272,17,14,1,-1,-1,-1
116,-1,716,294,23,17,1,-1,-1,-1
116,-1,254,446,107,103,1,-1,-1,-1
116,-1,593,301,23,15,1,-1,-1,-1
116,-1,484,329,39,37,1,-1,-1,-1
116,-1,699,252,14,20,1,-1,-1,-1
117,-1,696,341,36,32,1,-1,-1,-1
117,-1,599,272,16,14,1,-1,-1,-1
117,-1,716,294,22,17,1,-1,-1,-1
117,-1,241,450,115,107,1,-1,-1,-1
117,-1,592,301,24,16,1,-1,-1,-1
117,-1,481,330,40,36,1,-1,-1,-1
117,-1,699,252,14,20,1,-1,-1,-1
118,-1,695,340,36,31,1,-1,-1,-1
118,-1,599,273,16,14,1,-1,-1,-1
118,-1,715,292,23,18,1,-1,-1,-1
118,-1,228,458,117,111,1,-1,-1,-1
118,-1,592,303,24,15,1,-1,-1,-1
118,-1,479,330,39,38,1,-1,-1,-1
118,-1,699,253,14,19,1,-1,-1,-1
119,-1,694,339,38,30,1,-1,-1,-1
119,-1,599,273,16,14,1,-1,-1,-1
119,-1,714,292,22,17,1,-1,-1,-1
119,-1,215,465,118,114,1,-1,-1,-1
119,-1,592,304,23,16,1,-1,-1,-1
119,-1,477,332,40,38,1,-1,-1,-1
119,-1,699,252,14,20,1,-1,-1,-1
120,-1,695,339,34,28,1,-1,-1,-1
120,-1,598,273,16,14,1,-1,-1,-1
120,-1,714,291,20,17,1,-1,-1,-1
120,-1,200,473,126,120,1,-1,-1,-1
120,-1,590,305,25,16,1,-1,-1,-1
120,-1,475,333,41,39,1,-1,-1,-1
120,-1,698,254,15,18,1,-1,-1,-1
121,-1,695,337,34,28,1,-1,-1,-1
121,-1,596,273,17,16,1,-1,-1,-1
121,-1,714,290,20,17,1,-1,-1,-1
121,-1,183,481,131,127,1,-1,-1,-1
121,-1,590,305,24,16,1,-1,-1,-1
121,-1,470,335,44,40,1,-1,-1,-1
121,-1,698,254,15,18,1,-1,-1,-1
122,-1,693,335,35,28,1,-1,-1,-1
122,-1,596,273,17,16,1,-1,-1,-1
122,-1,713,289,20,18,1,-1,-1,-1
122,-1,166,490,137,133,1,-1,-1,-1
122,-1,588,306,26,16,1,-1,-1,-1
122,-1,468,337,44,39,1,-1,-1,-1
122,-1,698,253,15,19,1,-1,-1,-1
123,-1,1005,612,185,106,1,-1,-1,-1
123,-1,693,334,33,27,1,-1,-1,-1
123,-1,595,273,18,16,1,-1,-1,-1
123,-1,712,290,22,16,1,-1,-1,-1
123,-1,147,498,146,140,1,-1,-1,-1
123,-1,586,307,28,17,1,-1,-1,-1
123,-1,466,338,45,41,1,-1,-1,-1
123,-1,698,253,15,19,1,-1,-1,-1
124,-1,990,593,172,120,1,-1,-1,-1
124,-1,692,332,35,28,1,-1,-1,-1
124,-1,594,273,19,15,1,-1,-1,-1
124,-1,712,289,21,17,1,-1,-1,-1
124,-1,127,508,152,147,1,-1,-1,-1
124,-1,585,307,29,18,1,-1,-1,-1
124,-1,463,340,46,41,1,-1,-1,-1
124,-1,698,253,15,19,1,-1,-1,-1
125,-1,973,576,162,112,1,-1,-1,-1
125,-1,692,330,33,27,1,-1,-1,-1
125,-1,593,273,20,15,1,-1,-1,-1
125,-1,711,289,22,16,1,-1,-1,-1
125,-1,103,520,163,154,1,-1,-1,-1
125,-1,584,308,29,18,1,-1,-1,-1
125,-1,461,340,45,44,1,-1,-1,-1
125,-1,698,253,15,19,1,-1,-1,-1
126,-1,958,559,152,109,1,-1,-1,-1
126,-1,692,328,32,28,1,-1,-1,-1
126,-1,593,273,19,15,1,-1,-1,-1
126,-1,712,289,21,16,1,-1,-1,-1
126,-1,80,531,171,160,1,-1,-1,-1
126,-1,584,308,29,19,1,-1,-1,-1
126,-1,458,341,46,43,1,-1,-1,-1
126,-1,699,253,14,18,1,-1,-1,-1
127,-1,946,546,143,104,1,-1,-1,-1
127,-1,691,327,32,26,1,-1,-1,-1
127,-1,593,273,19,16,1,-1,-1,-1
127,-1,711,289,22,16,1,-1,-1,-1
127,-1,52,544,183,170,1,-1,-1,-1
127,-1,582,308,27,20,1,-1,-1,-1
127,-1,454,343,49,44,1,-1,-1,-1
127,-1,699,252,14,19,1,-1,-1,-1
128,-1,934,533,134,99,1,-1,-1,-1
128,-1,690,325,35,27,1,-1,-1,-1
128,-1,592,274,21,16,1,-1,-1,-1
128,-1,711,288,21,16,1,-1,-1,-1
128,-1,24,559,194,156,1,-1,-1,-1
128,-1,582,309,26,20,1,-1,-1,-1
128,-1,451,343,50,47,1,-1,-1,-1
128,-1,699,253,13,18,1,-1,-1,-1
129,-1,923,522,127,90,1,-1,-1,-1
129,-1,690,325,36,25,1,-1,-1,-1
129,-1,592,274,20,16,1,-1,-1,-1
129,-1,711,288,20,17,1,-1,-1,-1
129,-1,1,571,206,145,1,-1,-1,-1
129,-1,581,310,26,20,1,-1,-1,-1
129,-1,448,343,51,48,1,-1,-1,-1
129,-1,699,253,13,18,1,-1,-1,-1
130,-1,913,510,119,89,1,-1,-1,-1
130,-1,689,324,34,24,1,-1,-1,-1
130,-1,592,274,20,16,1,-1,-1,-1
130,-1,711,288,20,16,1,-1,-1,-1
130,-1,0,578,202,137,1,-1,-1,-1
130,-1,580,311,26,20,1,-1,-1,-1
130,-1,445,345,52,48,1,-1,-1,-1
130,-1,699,253,13,18,1,-1,-1,-1
131,-1,903,499,115,86,1,-1,-1,-1
131,-1,689,322,31,25,1,-1,-1,-1
131,-1,592,274,19,16,1,-1,-1,-1
131,-1,711,288,21,15,1,-1,-1,-1
131,-1,0,607,157,109,1,-1,-1,-1
131,-1,579,313,26,19,1,-1,-1,-1
131,-1,442,347,54,51,1,-1,-1,-1
131,-1,699,253,13,17,1,-1,-1,-1
132,-1,894,487,110,86,1,-1,-1,-1
132,-1,689,321,30,25,1,-1,-1,-1
132,-1,591,274,18,17,1,-1,-1,-1
132,-1,711,287,21,16,1,-1,-1,-1
132,-1,0,626,134,90,1,-1,-1,-1
132,-1,578,313,26,19,1,-1,-1,-1
132,-1,438,352,54,48,1,-1,-1,-1
132,-1,699,253,13,17,1,-1,-1,-1
133,-1,886,477,104,83,1,-1,-1,-1
133,-1,629,260,23,14,1,-1,-1,-1
133,-1,689,321,29,23,1,-1,-1,-1
133,-1,591,275,17,16,1,-1,-1,-1
133,-1,711,287,20,16,1,-1,-1,-1
133,-1,1,647,102,68,1,-1,-1,-1
133,-1,577,314,28,20,1,-1,-1,-1
133,-1,434,353,56,49,1,-1,-1,-1
133,-1,699,253,13,17,1,-1,-1,-1
134,-1,878,473,102,76,1,-1,-1,-1
134,-1,689,319,30,24,1,-1,-1,-1
134,-1,591,274,17,17,1,-1,-1,-1
134,-1,710,286,20,16,1,-1,-1,-1
134,-1,577,314,26,21,1,-1,-1,-1
134,-1,431,354,56,50,1,-1,-1,-1
134,-1,699,253,13,17,1,-1,-1,-1
135,-1,870,465,94,74,1,-1,-1,-1
135,-1,690,319,25,22,1,-1,-1,-1
135,-1,591,273,17,19,1,-1,-1,-1
135,-1,710,286,21,15,1,-1,-1,-1
135,-1,576,315,26,21,1,-1,-1,-1
135,-1,428,355,57,53,1,-1,-1,-1
135,-1,699,253,13,17,1,-1,-1,-1
136,-1,863,459,94,69,1,-1,-1,-1
136,-1,689,317,28,23,1,-1,-1,-1
136,-1,590,273,19,19,1,-1,-1,-1
136,-1,710,286,21,14,1,-1,-1,-1
136,-1,573,316,29,21,1,-1,-1,-1
136,-1,424,356,58,54,1,-1,-1,-1
136,-1,699,253,13,17,1,-1,-1,-1
137,-1,857,451,88,64,1,-1,-1,-1
137,-1,688,317,30,22,1,-1,-1,-1
137,-1,590,274,19,19,1,-1,-1,-1
137,-1,711,285,21,16,1,-1,-1,-1
137,-1,571,317,30,22,1,-1,-1,-1
137,-1,420,360,59,55,1,-1,-1,-1
137,-1,699,254,13,16,1,-1,-1,-1
138,-1,852,445,84,64,1,-1,-1,-1
138,-1,688,316,29,21,1,-1,-1,-1
138,-1,590,275,18,18,1,-1,-1,-1
138,-1,711,285,20,15,1,-1,-1,-1
138,-1,570,319,29,22,1,-1,-1,-1
138,-1,415,361,61,57,1,-1,-1,-1
138,-1,699,254,13,16,1,-1,-1,-1
139,-1,849,439,76,54,1,-1,-1,-1
139,-1,688,316,26,20,1,-1,-1,-1
139,-1,589,275,18,18,1,-1,-1,-1
139,-1,711,285,19,15,1,-1,-1,-1
139,-1,568,320,31,22,1,-1,-1,-1
139,-1,412,362,61,59,1,-1,-1,-1
139,-1,699,254,13,16,1,-1,-1,-1
140,-1,841,434,77,54,1,-1,-1,-1
140,-1,688,314,26,20,1,-1,-1,-1
140,-1,588,275,20,19,1,-1,-1,-1
140,-1,710,284,20,15,1,-1,-1,-1
140,-1,567,320,32,24,1,-1,-1,-1
140,-1,407,364,63,61,1,-1,-1,-1
140,-1,698,254,14,16,1,-1,-1,-1
141,-1,836,429,75,52,1,-1,-1,-1
141,-1,687,313,26,20,1,-1,-1,-1
141,-1,588,274,21,21,1,-1,-1,-1
141,-1,710,285,20,15,1,-1,-1,-1
141,-1,565,321,34,24,1,-1,-1,-1
141,-1,403,367,63,61,1,-1,-1,-1
141,-1,698,254,14,16,1,-1,-1,-1
142,-1,834,424,68,53,1,-1,-1,-1
142,-1,687,311,27,21,1,-1,-1,-1
142,-1,587,274,21,21,1,-1,-1,-1
142,-1,710,285,21,15,1,-1,-1,-1
142,-1,564,322,33,24,1,-1,-1,-1
142,-1,398,370,64,63,1,-1,-1,-1
142,-1,698,254,14,16,1,-1,-1,-1
143,-1,827,421,70,48,1,-1,-1,-1
143,-1,687,310,27,21,1,-1,-1,-1
143,-1,587,277,18,19,1,-1,-1,-1
143,-1,710,284,20,16,1,-1,-1,-1
143,-1,564,323,32,25,1,-1,-1,-1
143,-1,394,372,65,64,1,-1,-1,-1
143,-1,697,252,14,17,1,-1,-1,-1
144,-1,821,415,67,46,1,-1,-1,-1
144,-1,686,310,30,20,1,-1,-1,-1
144,-1,586,277,19,20,1,-1,-1,-1
144,-1,709,284,20,15,1,-1,-1,-1
144,-1,562,322,33,27,1,-1,-1,-1
144,-1,388,374,68,66,1,-1,-1,-1
144,-1,697,252,13,17,1,-1,-1,-1
145,-1,819,411,64,45,1,-1,-1,-1
145,-1,685,310,32,19,1,-1,-1,-1
145,-1,585,278,19,19,1,-1,-1,-1
145,-1,710,284,19,15,1,-1,-1,-1
145,-1,559,324,34,27,1,-1,-1,-1
145,-1,382,376,71,68,1,-1,-1,-1
146,-1,605,272,20,15,1,-1,-1,-1
146,-1,819,408,59,44,1,-1,-1,-1
146,-1,686,308,27,19,1,-1,-1,-1
146,-1,585,279,19,18,1,-1,-1,-1
146,-1,710,285,19,13,1,-1,-1,-1
146,-1,558,325,35,27,1,-1,-1,-1
146,-1,377,379,73,69,1,-1,-1,-1
147,-1,605,271,20,15,1,-1,-1,-1
147,-1,811,402,59,45,1,-1,-1,-1
147,-1,685,307,28,20,1,-1,-1,-1
147,-1,585,279,18,18,1,-1,-1,-1
147,-1,710,284,19,14,1,-1,-1,-1
147,-1,557,325,33,28,1,-1,-1,-1
147,-1,371,382,74,71,1,-1,-1,-1
148,-1,809,398,57,45,1,-1,-1,-1
148,-1,686,305,24,21,1,-1,-1,-1
148,-1,584,279,19,19,1,-1,-1,-1
148,-1,710,284,18,13,1,-1,-1,-1
148,-1,556,328,33,27,1,-1,-1,-1
148,-1,366,384,75,74,1,-1,-1,-1
149,-1,805,397,57,40,1,-1,-1,-1
149,-1,686,305,23,19,1,-1,-1,-1
149,-1,583,280,20,18,1,-1,-1,-1
149,-1,710,284,17,12,1,-1,-1,-1
149,-1,554,330,34,28,1,-1,-1,-1
149,-1,358,387,81,77,1,-1,-1,-1
150,-1,804,394,53,41,1,-1,-1,-1
150,-1,686,304,23,19,1,-1,-1,-1
150,-1,583,282,19,16,1,-1,-1,-1
150,-1,709,283,17,12,1,-1,-1,-1
150,-1,552,331,35,29,1,-1,-1,-1
150,-1,352,389,83,81,1,-1,-1,-1
151,-1,603,271,19,13,1,-1,-1,-1
151,-1,799,390,53,40,1,-1,-1,-1
151,-1,686,303,21,18,1,-1,-1,-1
151,-1,582,282,19,17,1,-1,-1,-1
151,-1,709,283,17,12,1,-1,-1,-1
151,-1,550,333,36,28,1,-1,-1,-1
151,-1,346,393,84,81,1,-1,-1,-1
152,-1,604,270,19,13,1,-1,-1,-1
152,-1,795,386,53,38,1,-1,-1,-1
152,-1,686,303,21,18,1,-1,-1,-1
152,-1,628,260,24,16,1,-1,-1,-1
152,-1,582,281,19,18,1,-1,-1,-1
152,-1,709,283,16,11,1,-1,-1,-1
152,-1,548,335,36,27,1,-1,-1,-1
152,-1,339,397,86,84,1,-1,-1,-1
153,-1,603,270,20,13,1,-1,-1,-1
153,-1,793,383,52,37,1,-1,-1,-1
153,-1,686,302,22,17,1,-1,-1,-1
153,-1,628,260,24,16,1,-1,-1,-1
153,-1,580,280,23,19,1,-1,-1,-1
153,-1,709,283,16,11,1,-1,-1,-1
153,-1,547,336,34,28,1,-1,-1,-1
153,-1,331,401,91,87,1,-1,-1,-1
154,-1,790,380,50,36,1,-1,-1,-1
154,-1,686,302,22,16,1,-1,-1,-1
154,-1,580,281,22,18,1,-1,-1,-1
154,-1,544,337,36,29,1,-1,-1,-1
154,-1,323,406,91,87,1,-1,-1,-1
155,-1,788,378,48,36,1,-1,-1,-1
155,-1,686,301,22,16,1,-1,-1,-1
155,-1,578,283,20,17,1,-1,-1,-1
155,-1,543,339,36,29,1,-1,-1,-1
155,-1,315,408,94,93,1,-1,-1,-1
156,-1,786,375,47,36,1,-1,-1,-1
156,-1,686,301,21,14,1,-1,-1,-1
156,-1,577,284,19,16,1,-1,-1,-1
156,-1,541,341,37,30,1,-1,-1,-1
156,-1,307,414,99,95,1,-1,-1,-1
157,-1,606,271,20,12,1,-1,-1,-1
157,-1,783,371,47,35,1,-1,-1,-1
157,-1,686,300,21,15,1,-1,-1,-1
157,-1,577,284,20,16,1,-1,-1,-1
157,-1,539,342,36,31,1,-1,-1,-1
157,-1,297,416,101,102,1,-1,-1,-1
158,-1,606,271,19,13,1,-1,-1,-1
158,-1,781,369,46,34,1,-1,-1,-1
158,-1,686,300,20,15,1,-1,-1,-1
158,-1,577,285,19,16,1,-1,-1,-1
158,-1,536,345,38,30,1,-1,-1,-1
158,-1,289,421,102,103,1,-1,-1,-1
159,-1,605,271,20,13,1,-1,-1,-1
159,-1,779,368,44,33,1,-1,-1,-1
159,-1,686,299,20,15,1,-1,-1,-1
159,-1,576,285,19,17,1,-1,-1,-1
159,-1,707,281,17,10,1,-1,-1,-1
159,-1,533,347,40,31,1,-1,-1,-1
159,-1,278,426,108,105,1,-1,-1,-1
160,-1,602,272,21,14,1,-1,-1,-1
160,-1,776,365,46,34,1,-1,-1,-1
160,-1,685,298,21,15,1,-1,-1,-1
160,-1,575,285,20,17,1,-1,-1,-1
160,-1,705,278,18,12,1,-1,-1,-1
160,-1,531,348,40,32,1,-1,-1,-1
160,-1,267,432,110,108,1,-1,-1,-1
161,-1,601,272,22,14,1,-1,-1,-1
161,-1,774,363,45,33,1,-1,-1,-1
161,-1,685,297,21,17,1,-1,-1,-1
161,-1,575,286,20,16,1,-1,-1,-1
161,-1,705,278,18,12,1,-1,-1,-1
161,-1,528,349,41,33,1,-1,-1,-1
161,-1,255,439,118,112,1,-1,-1,-1
162,-1,600,272,23,14,1,-1,-1,-1
162,-1,774,360,43,34,1,-1,-1,-1
162,-1,684,295,22,18,1,-1,-1,-1
162,-1,624,259,30,21,1,-1,-1,-1
162,-1,573,285,21,18,1,-1,-1,-1
162,-1,705,278,18,12,1,-1,-1,-1
162,-1,527,351,43,34,1,-1,-1,-1
162,-1,242,445,123,114,1,-1,-1,-1
163,-1,600,272,23,14,1,-1,-1,-1
163,-1,771,359,46,33,1,-1,-1,-1
163,-1,684,295,22,17,1,-1,-1,-1
163,-1,625,259,29,21,1,-1,-1,-1
163,-1,573,286,19,17,1,-1,-1,-1
163,-1,705,277,18,13,1,-1,-1,-1
163,-1,525,352,42,35,1,-1,-1,-1
163,-1,229,451,130,118,1,-1,-1,-1
164,-1,601,272,23,14,1,-1,-1,-1
164,-1,770,356,42,32,1,-1,-1,-1
164,-1,684,294,21,17,1,-1,-1,-1
164,-1,625,260,29,20,1,-1,-1,-1
164,-1,572,285,21,18,1,-1,-1,-1
164,-1,705,277,18,12,1,-1,-1,-1
164,-1,522,353,43,37,1,-1,-1,-1
164,-1,216,457,133,127,1,-1,-1,-1
165,-1,767,354,44,32,1,-1,-1,-1
165,-1,684,293,21,18,1,-1,-1,-1
165,-1,624,259,30,22,1,-1,-1,-1
165,-1,571,286,21,18,1,-1,-1,-1
165,-1,704,277,19,12,1,-1,-1,-1
165,-1,517,356,46,38,1,-1,-1,-1
165,-1,201,467,136,128,1,-1,-1,-1
166,-1,765,352,49,32,1,-1,-1,-1
166,-1,684,293,20,17,1,-1,-1,-1
166,-1,624,260,30,21,1,-1,-1,-1
166,-1,570,286,22,18,1,-1,-1,-1
166,-1,704,276,18,13,1,-1,-1,-1
166,-1,515,359,46,38,1,-1,-1,-1
166,-1,185,472,144,139,1,-1,-1,-1
167,-1,764,349,45,32,1,-1,-1,-1
167,-1,684,293,20,16,1,-1,-1,-1
167,-1,625,260,27,21,1,-1,-1,-1
167,-1,570,287,21,18,1,-1,-1,-1
167,-1,704,276,16,12,1,-1,-1,-1
167,-1,512,361,47,39,1,-1,-1,-1
167,-1,168,481,150,143,1,-1,-1,-1
168,-1,763,347,40,31,1,-1,-1,-1
168,-1,684,292,20,17,1,-1,-1,-1
168,-1,625,260,26,20,1,-1,-1,-1
168,-1,569,286,22,19,1,-1,-1,-1
168,-1,704,276,13,11,1,-1,-1,-1
168,-1,510,364,48,39,1,-1,-1,-1
168,-1,149,488,160,153,1,-1,-1,-1
169,-1,762,345,38,31,1,-1,-1,-1
169,-1,596,275,26,15,1,-1,-1,-1
169,-1,622,267,22,18,1,-1,-1,-1
169,-1,684,292,19,16,1,-1,-1,-1
169,-1,625,260,26,21,1,-1,-1,-1
169,-1,569,286,21,20,1,-1,-1,-1
169,-1,704,276,15,12,1,-1,-1,-1
169,-1,507,367,50,40,1,-1,-1,-1
169,-1,130,499,168,157,1,-1,-1,-1
170,-1,761,342,35,30,1,-1,-1,-1
170,-1,596,274,26,17,1,-1,-1,-1
170,-1,684,292,19,15,1,-1,-1,-1
170,-1,625,260,26,22,1,-1,-1,-1
170,-1,568,286,22,20,1,-1,-1,-1
170,-1,503,370,51,41,1,-1,-1,-1
170,-1,108,509,176,162,1,-1,-1,-1
171,-1,759,342,36,29,1,-1,-1,-1
171,-1,596,275,25,16,1,-1,-1,-1
171,-1,684,292,19,14,1,-1,-1,-1
171,-1,625,260,25,23,1,-1,-1,-1
171,-1,568,286,21,21,1,-1,-1,-1
171,-1,499,371,53,44,1,-1,-1,-1
171,-1,85,520,185,173,1,-1,-1,-1
172,-1,756,340,38,30,1,-1,-1,-1
172,-1,596,275,25,17,1,-1,-1,-1
172,-1,684,291,19,15,1,-1,-1,-1
172,-1,624,259,25,22,1,-1,-1,-1
172,-1,568,286,20,21,1,-1,-1,-1
172,-1,496,374,51,44,1,-1,-1,-1
172,-1,58,530,197,183,1,-1,-1,-1
173,-1,754,339,40,30,1,-1,-1,-1
173,-1,595,276,25,16,1,-1,-1,-1
173,-1,684,291,20,14,1,-1,-1,-1
173,-1,624,260,25,19,1,-1,-1,-1
173,-1,567,286,21,22,1,-1,-1,-1
173,-1,493,377,52,45,1,-1,-1,-1
173,-1,32,544,208,171,1,-1,-1,-1
174,-1,753,338,41,29,1,-1,-1,-1
174,-1,593,279,20,15,1,-1,-1,-1
174,-1,620,270,22,17,1,-1,-1,-1
174,-1,684,291,20,13,1,-1,-1,-1
174,-1,624,260,26,18,1,-1,-1,-1
174,-1,565,287,22,21,1,-1,-1,-1
174,-1,704,275,14,9,1,-1,-1,-1
174,-1,490,380,55,46,1,-1,-1,-1
174,-1,1,558,224,158,1,-1,-1,-1
175,-1,751,337,36,28,1,-1,-1,-1
175,-1,594,277,29,15,1,-1,-1,-1
175,-1,619,270,23,18,1,-1,-1,-1
175,-1,684,290,19,13,1,-1,-1,-1
175,-1,623,259,28,19,1,-1,-1,-1
175,-1,563,288,24,22,1,-1,-1,-1
175,-1,704,275,12,10,1,-1,-1,-1
175,-1,484,384,59,47,1,-1,-1,-1
175,-1,1,571,209,144,1,-1,-1,-1
176,-1,750,336,36,28,1,-1,-1,-1
176,-1,591,278,24,16,1,-1,-1,-1
176,-1,619,268,24,21,1,-1,-1,-1
176,-1,683,290,19,13,1,-1,-1,-1
176,-1,623,259,28,20,1,-1,-1,-1
176,-1,562,288,24,23,1,-1,-1,-1
176,-1,703,275,13,10,1,-1,-1,-1
176,-1,480,388,59,48,1,-1,-1,-1
176,-1,0,573,210,142,1,-1,-1,-1
177,-1,749,335,36,26,1,-1,-1,-1
177,-1,619,267,25,22,1,-1,-1,-1
177,-1,683,289,19,13,1,-1,-1,-1
177,-1,623,258,29,23,1,-1,-1,-1
177,-1,562,288,24,23,1,-1,-1,-1
177,-1,704,274,12,11,1,-1,-1,-1
177,-1,478,391,58,49,1,-1,-1,-1
177,-1,0,584,191,132,1,-1,-1,-1
178,-1,749,334,35,26,1,-1,-1,-1
178,-1,619,267,25,22,1,-1,-1,-1
178,-1,683,289,19,12,1,-1,-1,-1
178,-1,623,258,30,24,1,-1,-1,-1
178,-1,561,288,25,23,1,-1,-1,-1
178,-1,473,394,61,52,1,-1,-1,-1
179,-1,748,331,34,27,1,-1,-1,-1
179,-1,619,269,24,21,1,-1,-1,-1
179,-1,683,289,18,12,1,-1,-1,-1
179,-1,623,258,31,23,1,-1,-1,-1
179,-1,560,290,26,22,1,-1,-1,-1
179,-1,466,399,65,53,1,-1,-1,-1
180,-1,748,330,32,24,1,-1,-1,-1
180,-1,591,281,21,14,1,-1,-1,-1
180,-1,618,269,25,21,1,-1,-1,-1
180,-1,683,288,18,13,1,-1,-1,-1
180,-1,623,257,31,24,1,-1,-1,-1
180,-1,559,291,27,22,1,-1,-1,-1
180,-1,463,403,64,54,1,-1,-1,-1
181,-1,746,330,33,22,1,-1,-1,-1
181,-1,591,279,24,15,1,-1,-1,-1
181,-1,618,268,25,22,1,-1,-1,-1
181,-1,683,288,17,12,1,-1,-1,-1
181,-1,622,257,32,25,1,-1,-1,-1
181,-1,558,290,27,23,1,-1,-1,-1
181,-1,458,407,66,58,1,-1,-1,-1
182,-1,745,328,32,22,1,-1,-1,-1
182,-1,592,281,22,14,1,-1,-1,-1
182,-1,617,267,27,23,1,-1,-1,-1
182,-1,683,287,17,13,1,-1,-1,-1
182,-1,622,258,32,25,1,-1,-1,-1
182,-1,557,291,26,23,1,-1,-1,-1
182,-1,703,272,12,12,1,-1,-1,-1
182,-1,453,411,68,59,1,-1,-1,-1
183,-1,743,327,34,23,1,-1,-1,-1
183,-1,591,283,19,13,1,-1,-1,-1
183,-1,617,268,26,22,1,-1,-1,-1
183,-1,623,258,31,23,1,-1,-1,-1
183,-1,556,292,26,23,1,-1,-1,-1
183,-1,703,272,12,12,1,-1,-1,-1
183,-1,447,416,70,60,1,-1,-1,-1
184,-1,743,325,33,24,1,-1,-1,-1
184,-1,589,283,20,13,1,-1,-1,-1
184,-1,617,269,24,22,1,-1,-1,-1
184,-1,624,258,30,21,1,-1,-1,-1
184,-1,555,292,25,23,1,-1,-1,-1
184,-1,702,271,14,13,1,-1,-1,-1
184,-1,442,422,71,61,1,-1,-1,-1
185,-1,742,323,31,24,1,-1,-1,-1
185,-1,588,283,21,13,1,-1,-1,-1
185,-1,616,270,23,21,1,-1,-1,-1
185,-1,625,259,28,18,1,-1,-1,-1
185,-1,554,293,25,23,1,-1,-1,-1
185,-1,702,271,13,13,1,-1,-1,-1
185,-1,435,427,76,64,1,-1,-1,-1
186,-1,741,322,31,24,1,-1,-1,-1
186,-1,585,284,23,13,1,-1,-1,-1
186,-1,616,270,24,22,1,-1,-1,-1
186,-1,554,293,24,24,1,-1,-1,-1
186,-1,702,271,13,12,1,-1,-1,-1
186,-1,428,432,78,66,1,-1,-1,-1
187,-1,739,321,32,25,1,-1,-1,-1
187,-1,585,284,22,13,1,-1,-1,-1
187,-1,617,269,24,23,1,-1,-1,-1
187,-1,684,286,15,12,1,-1,-1,-1
187,-1,554,294,22,23,1,-1,-1,-1
187,-1,702,271,13,13,1,-1,-1,-1
187,-1,421,440,81,68,1,-1,-1,-1
188,-1,739,321,30,23,1,-1,-1,-1
188,-1,584,285,21,13,1,-1,-1,-1
188,-1,616,270,23,23,1,-1,-1,-1
188,-1,553,295,23,22,1,-1,-1,-1
188,-1,414,443,83,73,1,-1,-1,-1
189,-1,739,320,30,23,1,-1,-1,-1
189,-1,589,283,22,14,1,-1,-1,-1
189,-1,617,270,22,23,1,-1,-1,-1
189,-1,552,296,23,22,1,-1,-1,-1
189,-1,406,450,88,77,1,-1,-1,-1
190,-1,737,320,30,21,1,-1,-1,-1
190,-1,586,283,21,16,1,-1,-1,-1
190,-1,616,271,23,22,1,-1,-1,-1
190,-1,551,296,24,23,1,-1,-1,-1
190,-1,399,458,90,79,1,-1,-1,-1
191,-1,737,319,29,20,1,-1,-1,-1
191,-1,587,282,23,16,1,-1,-1,-1
191,-1,616,271,22,23,1,-1,-1,-1
191,-1,634,260,19,16,1,-1,-1,-1
191,-1,548,297,27,23,1,-1,-1,-1
191,-1,389,461,95,88,1,-1,-1,-1
192,-1,736,316,28,22,1,-1,-1,-1
192,-1,585,283,25,16,1,-1,-1,-1
192,-1,616,271,22,23,1,-1,-1,-1
192,-1,634,260,19,16,1,-1,-1,-1
192,-1,547,297,28,23,1,-1,-1,-1
192,-1,379,474,99,88,1,-1,-1,-1
193,-1,737,316,27,20,1,-1,-1,-1
193,-1,585,284,22,16,1,-1,-1,-1
193,-1,616,271,22,23,1,-1,-1,-1
193,-1,634,261,18,15,1,-1,-1,-1
193,-1,546,297,28,23,1,-1,-1,-1
193,-1,369,483,104,91,1,-1,-1,-1
194,-1,736,314,26,21,1,-1,-1,-1
194,-1,585,285,22,17,1,-1,-1,-1
194,-1,616,271,22,24,1,-1,-1,-1
194,-1,634,261,18,15,1,-1,-1,-1
194,-1,546,297,27,23,1,-1,-1,-1
194,-1,357,491,109,99,1,-1,-1,-1
195,-1,735,314,25,20,1,-1,-1,-1
195,-1,585,285,23,17,1,-1,-1,-1
195,-1,615,271,23,25,1,-1,-1,-1
195,-1,634,261,18,15,1,-1,-1,-1
195,-1,544,297,28,24,1,-1,-1,-1
195,-1,346,502,113,102,1,-1,-1,-1
196,-1,734,313,24,20,1,-1,-1,-1
196,-1,584,284,25,18,1,-1,-1,-1
196,-1,615,271,23,26,1,-1,-1,-1
196,-1,634,260,18,16,1,-1,-1,-1
196,-1,544,298,27,25,1,-1,-1,-1
196,-1,331,513,122,111,1,-1,-1,-1
197,-1,733,313,26,19,1,-1,-1,-1
197,-1,583,284,25,19,1,-1,-1,-1
197,-1,614,273,23,24,1,-1,-1,-1
197,-1,634,260,18,16,1,-1,-1,-1
197,-1,542,300,28,24,1,-1,-1,-1
197,-1,316,525,128,119,1,-1,-1,-1
198,-1,732,313,27,18,1,-1,-1,-1
198,-1,582,285,27,19,1,-1,-1,-1
198,-1,613,276,23,22,1,-1,-1,-1
198,-1,633,261,19,15,1,-1,-1,-1
198,-1,542,301,27,24,1,-1,-1,-1
198,-1,301,538,135,127,1,-1,-1,-1
199,-1,732,311,27,19,1,-1,-1,-1
199,-1,583,285,28,18,1,-1,-1,-1
199,-1,612,278,23,21,1,-1,-1,-1
199,-1,633,261,20,16,1,-1,-1,-1
199,-1,542,302,26,23,1,-1,-1,-1
199,-1,283,541,144,151,1,-1,-1,-1
200,-1,731,309,28,21,1,-1,-1,-1
200,-1,577,285,33,16,1,-1,-1,-1
200,-1,612,277,23,22,1,-1,-1,-1
200,-1,633,261,20,16,1,-1,-1,-1
200,-1,541,302,26,24,1,-1,-1,-1
200,-1,263,559,153,154,1,-1,-1,-1
201,-1,730,308,28,21,1,-1,-1,-1
201,-1,581,285,29,17,1,-1,-1,-1
201,-1,612,278,23,22,1,-1,-1,-1
201,-1,633,260,20,17,1,-1,-1,-1
201,-1,538,304,29,23,1,-1,-1,-1
201,-1,240,587,164,129,1,-1,-1,-1
202,-1,729,306,27,22,1,-1,-1,-1
202,-1,611,279,23,22,1,-1,-1,-1
202,-1,633,260,19,17,1,-1,-1,-1
202,-1,538,302,27,26,1,-1,-1,-1
202,-1,223,607,170,109,1,-1,-1,-1
203,-1,575,288,26,16,1,-1,-1,-1
203,-1,728,306,27,21,1,-1,-1,-1
203,-1,609,278,24,23,1,-1,-1,-1
203,-1,683,275,16,14,1,-1,-1,-1
203,-1,633,261,18,16,1,-1,-1,-1
203,-1,537,304,28,25,1,-1,-1,-1
203,-1,207,629,171,88,1,-1,-1,-1
204,-1,575,289,26,16,1,-1,-1,-1
204,-1,727,306,26,21,1,-1,-1,-1
204,-1,608,280,23,21,1,-1,-1,-1
204,-1,633,260,18,17,1,-1,-1,-1
204,-1,536,304,28,26,1,-1,-1,-1
204,-1,203,654,157,63,1,-1,-1,-1
205,-1,575,289,26,16,1,-1,-1,-1
205,-1,727,305,24,20,1,-1,-1,-1
205,-1,608,280,23,22,1,-1,-1,-1
205,-1,632,261,19,15,1,-1,-1,-1
205,-1,536,305,26,26,1,-1,-1,-1
205,-1,199,681,141,36,1,-1,-1,-1
206,-1,574,289,24,16,1,-1,-1,-1
206,-1,726,304,26,20,1,-1,-1,-1
206,-1,608,282,22,21,1,-1,-1,-1
206,-1,631,261,19,16,1,-1,-1,-1
206,-1,533,305,28,28,1,-1,-1,-1
207,-1,573,289,22,16,1,-1,-1,-1
207,-1,726,304,24,19,1,-1,-1,-1
207,-1,607,283,24,21,1,-1,-1,-1
207,-1,631,262,19,15,1,-1,-1,-1
207,-1,532,307,29,26,1,-1,-1,-1
208,-1,572,289,23,16,1,-1,-1,-1
208,-1,725,304,26,18,1,-1,-1,-1
208,-1,607,283,23,20,1,-1,-1,-1
208,-1,630,262,20,15,1,-1,-1,-1
208,-1,529,307,32,28,1,-1,-1,-1
209,-1,573,289,24,17,1,-1,-1,-1
209,-1,725,303,26,19,1,-1,-1,-1
209,-1,607,283,23,21,1,-1,-1,-1
209,-1,629,262,21,15,1,-1,-1,-1
209,-1,528,308,32,27,1,-1,-1,-1
210,-1,573,289,23,18,1,-1,-1,-1
210,-1,725,302,24,18,1,-1,-1,-1
210,-1,606,284,23,20,1,-1,-1,-1
210,-1,630,262,20,15,1,-1,-1,-1
210,-1,527,310,30,25,1,-1,-1,-1
211,-1,571,288,27,19,1,-1,-1,-1
211,-1,725,302,24,18,1,-1,-1,-1
211,-1,606,284,23,20,1,-1,-1,-1
211,-1,629,263,21,14,1,-1,-1,-1
211,-1,526,312,30,24,1,-1,-1,-1
212,-1,570,290,20,19,1,-1,-1,-1
212,-1,725,301,23,18,1,-1,-1,-1
212,-1,579,286,28,21,1,-1,-1,-1
212,-1,606,284,22,21,1,-1,-1,-1
212,-1,628,264,20,13,1,-1,-1,-1
212,-1,524,313,29,24,1,-1,-1,-1
213,-1,569,287,27,21,1,-1,-1,-1
213,-1,724,301,23,17,1,-1,-1,-1
213,-1,578,286,30,21,1,-1,-1,-1
213,-1,606,285,21,20,1,-1,-1,-1
213,-1,628,264,21,13,1,-1,-1,-1
213,-1,523,312,30,26,1,-1,-1,-1
214,-1,567,290,24,20,1,-1,-1,-1
214,-1,724,301,23,16,1,-1,-1,-1
214,-1,604,287,23,18,1,-1,-1,-1
214,-1,627,264,21,13,1,-1,-1,-1
214,-1,522,312,29,28,1,-1,-1,-1
215,-1,566,290,25,21,1,-1,-1,-1
215,-1,723,300,23,16,1,-1,-1,-1
215,-1,604,287,22,19,1,-1,-1,-1
215,-1,627,264,21,13,1,-1,-1,-1
215,-1,521,313,29,28,1,-1,-1,-1
216,-1,564,291,28,21,1,-1,-1,-1
216,-1,722,299,22,17,1,-1,-1,-1
216,-1,604,287,22,20,1,-1,-1,-1
216,-1,628,264,19,13,1,-1,-1,-1
216,-1,519,314,30,29,1,-1,-1,-1
217,-1,565,289,33,22,1,-1,-1,-1
217,-1,722,299,22,16,1,-1,-1,-1
217,-1,603,287,23,21,1,-1,-1,-1
217,-1,628,264,19,14,1,-1,-1,-1
217,-1,517,314,31,30,1,-1,-1,-1
218,-1,563,292,27,22,1,-1,-1,-1
218,-1,722,298,22,17,1,-1,-1,-1
218,-1,603,287,21,21,1,-1,-1,-1
218,-1,626,264,19,14,1,-1,-1,-1
218,-1,515,316,32,30,1,-1,-1,-1
219,-1,562,293,30,21,1,-1,-1,-1
219,-1,721,298,21,16,1,-1,-1,-1
219,-1,602,287,22,22,1,-1,-1,-1
219,-1,626,264,19,15,1,-1,-1,-1
219,-1,513,317,33,29,1,-1,-1,-1
220,-1,561,296,25,19,1,-1,-1,-1
220,-1,720,296,22,17,1,-1,-1,-1
220,-1,601,288,23,22,1,-1,-1,-1
220,-1,626,264,18,15,1,-1,-1,-1
220,-1,511,319,33,29,1,-1,-1,-1
221,-1,560,297,22,19,1,-1,-1,-1
221,-1,720,296,22,16,1,-1,-1,-1
221,-1,601,288,22,23,1,-1,-1,-1
221,-1,626,264,18,15,1,-1,-1,-1
221,-1,510,320,33,28,1,-1,-1,-1
222,-1,559,299,22,16,1,-1,-1,-1
222,-1,720,296,22,16,1,-1,-1,-1
222,-1,574,286,25,25,1,-1,-1,-1
222,-1,600,289,22,23,1,-1,-1,-1
222,-1,626,265,18,14,1,-1,-1,-1
222,-1,510,320,32,29,1,-1,-1,-1
223,-1,558,301,23,15,1,-1,-1,-1
223,-1,719,294,22,17,1,-1,-1,-1
223,-1,574,287,25,23,1,-1,-1,-1
223,-1,599,290,23,22,1,-1,-1,-1
223,-1,625,266,19,14,1,-1,-1,-1
223,-1,508,321,33,29,1,-1,-1,-1
224,-1,558,301,22,17,1,-1,-1,-1
224,-1,719,292,21,18,1,-1,-1,-1
224,-1,575,287,24,22,1,-1,-1,-1
224,-1,598,290,24,23,1,-1,-1,-1
224,-1,624,268,20,12,1,-1,-1,-1
224,-1,505,321,35,31,1,-1,-1,-1
225,-1,556,301,24,18,1,-1,-1,-1
225,-1,719,292,20,17,1,-1,-1,-1
225,-1,575,287,24,21,1,-1,-1,-1
225,-1,598,291,23,23,1,-1,-1,-1
225,-1,626,267,18,14,1,-1,-1,-1
225,-1,504,322,35,31,1,-1,-1,-1
226,-1,554,302,24,17,1,-1,-1,-1
226,-1,719,291,19,18,1,-1,-1,-1
226,-1,576,287,21,20,1,-1,-1,-1
226,-1,597,291,23,23,1,-1,-1,-1
226,-1,625,267,20,14,1,-1,-1,-1
226,-1,502,323,36,31,1,-1,-1,-1
227,-1,553,301,23,19,1,-1,-1,-1
227,-1,719,291,19,17,1,-1,-1,-1
227,-1,575,288,22,17,1,-1,-1,-1
227,-1,596,292,24,23,1,-1,-1,-1
227,-1,624,267,20,14,1,-1,-1,-1
227,-1,499,324,38,33,1,-1,-1,-1
228,-1,552,301,24,20,1,-1,-1,-1
228,-1,718,289,20,17,1,-1,-1,-1
228,-1,573,288,23,18,1,-1,-1,-1
228,-1,595,295,24,21,1,-1,-1,-1
228,-1,624,267,20,14,1,-1,-1,-1
228,-1,496,324,38,34,1,-1,-1,-1
229,-1,553,301,22,19,1,-1,-1,-1
229,-1,718,290,20,16,1,-1,-1,-1
229,-1,573,287,23,19,1,-1,-1,-1
229,-1,594,296,25,21,1,-1,-1,-1
229,-1,625,267,19,14,1,-1,-1,-1
229,-1,495,324,39,35,1,-1,-1,-1
230,-1,552,302,23,19,1,-1,-1,-1
230,-1,717,290,21,15,1,-1,-1,-1
230,-1,572,289,24,19,1,-1,-1,-1
230,-1,594,297,25,21,1,-1,-1,-1
230,-1,625,267,19,14,1,-1,-1,-1
230,-1,493,325,39,35,1,-1,-1,-1
231,-1,551,304,23,17,1,-1,-1,-1
231,-1,593,277,16,12,1,-1,-1,-1
231,-1,717,290,20,15,1,-1,-1,-1
231,-1,572,289,22,17,1,-1,-1,-1
231,-1,592,296,27,23,1,-1,-1,-1
231,-1,625,267,18,14,1,-1,-1,-1
231,-1,492,326,37,36,1,-1,-1,-1
232,-1,550,303,24,18,1,-1,-1,-1
232,-1,593,277,15,12,1,-1,-1,-1
232,-1,717,291,19,13,1,-1,-1,-1
232,-1,571,290,20,17,1,-1,-1,-1
232,-1,592,297,26,23,1,-1,-1,-1
232,-1,625,267,18,15,1,-1,-1,-1
232,-1,490,326,38,37,1,-1,-1,-1
233,-1,550,304,24,18,1,-1,-1,-1
233,-1,593,277,14,11,1,-1,-1,-1
233,-1,717,290,19,14,1,-1,-1,-1
233,-1,570,291,21,15,1,-1,-1,-1
233,-1,591,297,26,23,1,-1,-1,-1
233,-1,624,267,20,15,1,-1,-1,-1
233,-1,487,328,39,36,1,-1,-1,-1
234,-1,548,305,24,18,1,-1,-1,-1
234,-1,592,276,15,12,1,-1,-1,-1
234,-1,716,291,20,12,1,-1,-1,-1
234,-1,570,291,20,16,1,-1,-1,-1
234,-1,591,299,27,23,1,-1,-1,-1
234,-1,624,267,20,16,1,-1,-1,-1
234,-1,485,329,40,37,1,-1,-1,-1
235,-1,547,306,24,18,1,-1,-1,-1
235,-1,592,276,15,13,1,-1,-1,-1
235,-1,715,291,21,12,1,-1,-1,-1
235,-1,569,291,20,15,1,-1,-1,-1
235,-1,590,299,26,23,1,-1,-1,-1
235,-1,624,267,20,16,1,-1,-1,-1
235,-1,483,330,40,38,1,-1,-1,-1
236,-1,547,306,24,20,1,-1,-1,-1
236,-1,714,290,20,12,1,-1,-1,-1
236,-1,569,291,20,16,1,-1,-1,-1
236,-1,590,299,25,25,1,-1,-1,-1
236,-1,624,268,20,16,1,-1,-1,-1
236,-1,480,331,42,38,1,-1,-1,-1
237,-1,546,308,24,19,1,-1,-1,-1
237,-1,714,290,19,12,1,-1,-1,-1
237,-1,568,289,21,17,1,-1,-1,-1
237,-1,589,301,25,23,1,-1,-1,-1
237,-1,624,268,20,16,1,-1,-1,-1
237,-1,480,334,39,38,1,-1,-1,-1
238,-1,545,307,22,20,1,-1,-1,-1
238,-1,714,290,20,12,1,-1,-1,-1
238,-1,568,290,22,21,1,-1,-1,-1
238,-1,588,303,25,23,1,-1,-1,-1
238,-1,624,268,20,17,1,-1,-1,-1
238,-1,478,335,39,39,1,-1,-1,-1
239,-1,544,308,24,19,1,-1,-1,-1
239,-1,714,289,20,12,1,-1,-1,-1
239,-1,567,291,23,23,1,-1,-1,-1
239,-1,587,301,26,25,1,-1,-1,-1
239,-1,624,268,20,17,1,-1,-1,-1
239,-1,473,336,45,40,1,-1,-1,-1
240,-1,543,307,23,21,1,-1,-1,-1
240,-1,587,281,19,13,1,-1,-1,-1
240,-1,714,288,19,13,1,-1,-1,-1
240,-1,562,294,24,30,1,-1,-1,-1
240,-1,586,302,27,25,1,-1,-1,-1
240,-1,623,268,20,18,1,-1,-1,-1
240,-1,470,337,45,40,1,-1,-1,-1
241,-1,1016,620,242,96,1,-1,-1,-1
241,-1,541,309,24,18,1,-1,-1,-1
241,-1,586,282,20,13,1,-1,-1,-1
241,-1,714,287,18,13,1,-1,-1,-1
241,-1,563,294,22,24,1,-1,-1,-1
241,-1,585,303,27,25,1,-1,-1,-1
241,-1,622,270,20,17,1,-1,-1,-1
241,-1,468,337,45,42,1,-1,-1,-1
242,-1,1000,601,225,116,1,-1,-1,-1
242,-1,539,307,25,21,1,-1,-1,-1
242,-1,586,282,19,12,1,-1,-1,-1
242,-1,714,286,18,14,1,-1,-1,-1
242,-1,561,295,24,34,1,-1,-1,-1
242,-1,584,301,26,27,1,-1,-1,-1
242,-1,622,269,20,18,1,-1,-1,-1
242,-1,464,339,48,42,1,-1,-1,-1
243,-1,986,584,211,134,1,-1,-1,-1
243,-1,537,311,26,19,1,-1,-1,-1
243,-1,585,283,20,11,1,-1,-1,-1
243,-1,714,286,18,13,1,-1,-1,-1
243,-1,559,298,24,26,1,-1,-1,-1
243,-1,583,303,26,27,1,-1,-1,-1
243,-1,622,269,20,19,1,-1,-1,-1
243,-1,462,341,47,43,1,-1,-1,-1
244,-1,974,572,196,144,1,-1,-1,-1
244,-1,536,309,25,22,1,-1,-1,-1
244,-1,585,284,19,11,1,-1,-1,-1
244,-1,714,284,17,15,1,-1,-1,-1
244,-1,559,298,23,28,1,-1,-1,-1
244,-1,581,303,27,27,1,-1,-1,-1
244,-1,621,270,20,18,1,-1,-1,-1
244,-1,460,342,45,42,1,-1,-1,-1
245,-1,959,559,184,157,1,-1,-1,-1
245,-1,536,313,24,19,1,-1,-1,-1
245,-1,584,285,19,12,1,-1,-1,-1
245,-1,714,284,17,15,1,-1,-1,-1
245,-1,559,298,22,19,1,-1,-1,-1
245,-1,580,305,28,27,1,-1,-1,-1
245,-1,620,270,21,18,1,-1,-1,-1
245,-1,458,342,46,45,1,-1,-1,-1
246,-1,800,622,146,95,1,-1,-1,-1
246,-1,948,546,173,157,1,-1,-1,-1
246,-1,535,312,25,20,1,-1,-1,-1
246,-1,584,284,19,13,1,-1,-1,-1
246,-1,714,284,17,14,1,-1,-1,-1
246,-1,558,298,23,24,1,-1,-1,-1
246,-1,580,304,26,29,1,-1,-1,-1
246,-1,620,270,21,18,1,-1,-1,-1
246,-1,452,343,50,47,1,-1,-1,-1
247,-1,791,603,141,113,1,-1,-1,-1
247,-1,936,534,165,144,1,-1,-1,-1
247,-1,535,316,23,18,1,-1,-1,-1
247,-1,584,284,19,13,1,-1,-1,-1
247,-1,714,283,16,15,1,-1,-1,-1
247,-1,557,301,23,15,1,-1,-1,-1
247,-1,579,306,27,29,1,-1,-1,-1
247,-1,620,270,21,19,1,-1,-1,-1
247,-1,450,344,49,48,1,-1,-1,-1
248,-1,784,585,132,131,1,-1,-1,-1
248,-1,927,523,154,139,1,-1,-1,-1
248,-1,532,317,25,17,1,-1,-1,-1
248,-1,584,284,19,13,1,-1,-1,-1
248,-1,713,283,17,15,1,-1,-1,-1
248,-1,556,299,24,18,1,-1,-1,-1
248,-1,577,307,29,29,1,-1,-1,-1
248,-1,619,269,22,20,1,-1,-1,-1
248,-1,446,346,51,49,1,-1,-1,-1
