0,7,757,272,11,15,1,2,1
0,6,346,315,20,14,1,2,1
0,5,634,259,15,13,1,2,1
0,4,597,273,21,15,1,2,1
0,3,710,274,20,20,1,2,1
0,2,570,287,23,29,1,2,1
0,1,687,288,25,26,1,2,1
1,7,757,272,11,15,1,2,1
1,6,346,315,20,14,1,2,1
1,5,633,259,16,13,1,2,1
1,4,597,273,20,16,1,2,1
1,3,710,274,20,19,1,2,1
1,2,569,288,25,28,1,2,1
1,1,687,287,24,27,1,2,1
2,8,589,299,19,17,1,2,1
2,7,756,271,12,16,1,2,1
2,6,346,315,20,14,1,2,1
2,5,633,259,15,13,1,2,1
2,4,597,274,20,15,1,2,1
2,3,710,274,19,19,1,2,1
2,2,566,287,24,29,1,2,1
2,1,686,287,25,27,1,2,1
3,7,756,271,12,16,1,2,1
3,6,346,315,20,14,1,2,1
3,5,633,259,16,14,1,2,1
3,4,597,274,20,15,1,2,1
3,3,710,273,19,20,1,2,1
3,2,567,288,26,30,1,2,1
3,1,686,287,24,26,1,2,1
4,7,756,272,12,15,1,2,1
4,6,346,315,20,14,1,2,1
4,5,632,259,17,14,1,2,1
4,4,595,274,19,15,1,2,1
4,3,710,273,19,20,1,2,1
4,2,565,288,27,31,1,2,1
4,1,685,286,25,26,1,2,1
5,7,756,272,12,15,1,2,1
5,6,346,315,20,14,1,2,1
5,5,632,259,18,14,1,2,1
5,4,596,274,18,15,1,2,1
5,3,709,272,20,21,1,2,1
5,2,563,290,26,29,1,2,1
5,1,685,286,24,26,1,2,1
6,9,1000,617,178,101,1,2,1
6,7,756,271,12,16,1,2,1
6,6,346,315,20,13,1,2,1
6,5,632,259,18,14,1,2,1
6,4,595,274,18,16,1,2,1
6,3,710,273,19,19,1,2,1
6,2,562,294,25,26,1,2,1
6,1,685,286,24,26,1,2,1
7,9,983,598,169,118,1,2,1
7,7,756,271,12,16,1,2,1
7,6,346,315,20,13,1,2,1
7,5,632,258,18,16,1,2,1
7,4,596,274,17,15,1,2,1
7,3,709,273,20,19,1,2,1
7,2,561,293,26,27,1,2,1
7,1,685,285,23,26,1,2,1
8,9,968,582,158,116,1,2,1
8,7,756,271,12,16,1,2,1
8,6,346,315,20,13,1,2,1
8,5,632,258,18,16,1,2,1
8,4,595,275,17,14,1,2,1
8,3,709,272,20,20,1,2,1
8,2,560,293,27,28,1,2,1
8,1,685,283,24,28,1,2,1
9,9,955,567,149,107,1,2,1
9,7,756,271,11,16,1,2,1
9,6,346,315,20,13,1,2,1
9,5,631,257,20,17,1,2,1
9,4,595,275,17,14,1,2,1
9,3,708,272,21,19,1,2,1
9,2,560,294,26,27,1,2,1
9,1,685,284,23,26,1,2,1
10,9,942,554,142,105,1,2,1
10,7,756,271,11,16,1,2,1
10,6,346,314,20,15,1,2,1
10,5,631,257,20,17,1,2,1
10,4,594,274,17,15,1,2,1
10,3,705,268,21,21,1,2,1
10,2,558,297,27,28,1,2,1
10,1,684,283,24,26,1,2,1
11,10,564,286,22,16,1,2,1
11,9,932,540,133,99,1,2,1
11,7,756,271,11,16,1,2,1
11,6,346,315,20,13,1,2,1
11,5,631,257,21,17,1,2,1
11,4,594,274,17,15,1,2,1
11,3,705,268,21,21,1,2,1
11,2,556,298,27,28,1,2,1
11,1,684,283,23,25,1,2,1
12,9,921,529,126,94,1,2,1
12,7,756,271,11,16,1,2,1
12,6,346,315,20,13,1,2,1
12,5,631,258,20,16,1,2,1
12,4,593,274,17,15,1,2,1
12,3,705,269,21,20,1,2,1
12,2,555,297,29,31,1,2,1
12,1,684,284,23,24,1,2,1
13,9,914,519,115,86,1,2,1
13,7,756,271,11,16,1,2,1
13,6,346,315,20,14,1,2,1
13,5,629,259,20,14,1,2,1
13,4,593,274,17,15,1,2,1
13,3,705,268,21,20,1,2,1
13,2,554,297,29,31,1,2,1
13,1,684,284,23,23,1,2,1
14,9,903,506,113,85,1,2,1
14,7,755,271,12,16,1,2,1
14,6,346,314,20,15,1,2,1
14,5,629,260,21,13,1,2,1
14,4,593,275,16,14,1,2,1
14,3,705,268,21,20,1,2,1
14,2,554,299,27,30,1,2,1
14,1,683,282,23,24,1,2,1
15,9,894,499,111,84,1,2,1
15,7,756,271,12,16,1,2,1
15,5,630,259,23,16,1,2,1
15,4,592,275,17,15,1,2,1
15,3,705,268,22,20,1,2,1
15,2,552,299,28,31,1,2,1
15,1,683,283,23,22,1,2,1
16,9,887,488,102,81,1,2,1
16,7,755,271,13,16,1,2,1
16,5,629,260,21,14,1,2,1
16,4,592,274,17,16,1,2,1
16,3,705,268,22,20,1,2,1
16,2,550,300,29,30,1,2,1
16,1,683,283,23,21,1,2,1
17,9,880,474,99,87,1,2,1
17,7,755,271,13,16,1,2,1
17,5,628,260,21,14,1,2,1
17,4,591,274,17,17,1,2,1
17,3,705,268,20,19,1,2,1
17,2,550,302,27,30,1,2,1
17,1,683,283,22,20,1,2,1
18,9,871,474,96,74,1,2,1
18,7,755,271,13,16,1,2,1
18,5,629,260,19,14,1,2,1
18,4,591,275,16,15,1,2,1
18,3,705,268,20,19,1,2,1
18,2,547,304,29,28,1,2,1
18,1,683,283,22,19,1,2,1
19,10,560,294,23,13,1,2,1
19,9,864,467,95,74,1,2,1
19,7,756,271,11,17,1,2,1
19,5,629,261,18,13,1,2,1
19,4,590,276,16,15,1,2,1
19,3,705,268,19,20,1,2,1
19,2,546,306,30,28,1,2,1
19,1,683,283,22,19,1,2,1
20,10,559,294,21,13,1,2,1
20,9,859,460,89,71,1,2,1
20,7,755,271,12,17,1,2,1
20,5,629,261,18,14,1,2,1
20,4,590,276,16,15,1,2,1
20,3,706,269,18,19,1,2,1
20,2,545,306,31,28,1,2,1
20,1,683,283,22,18,1,2,1
21,11,551,292,29,22,1,2,1
21,9,853,454,82,63,1,2,1
21,8,567,313,27,21,1,2,1
21,7,755,271,12,17,1,2,1
21,5,629,261,17,14,1,2,1
21,4,590,276,16,16,1,2,1
21,3,705,269,19,18,1,2,1
21,2,544,309,30,26,1,2,1
21,1,683,282,22,19,1,2,1
22,11,554,293,26,20,1,2,1
22,9,850,448,81,63,1,2,1
22,8,566,313,27,23,1,2,1
22,7,755,271,12,17,1,2,1
22,5,628,261,18,15,1,2,1
22,4,590,277,15,16,1,2,1
22,3,705,268,19,19,1,2,1
22,2,542,310,30,25,1,2,1
22,1,683,283,21,18,1,2,1
23,11,553,293,26,19,1,2,1
23,9,844,444,76,51,1,2,1
23,8,566,311,27,27,1,2,1
23,7,755,271,12,17,1,2,1
23,5,628,260,18,16,1,2,1
23,4,589,278,16,15,1,2,1
23,3,705,267,19,20,1,2,1
23,2,541,310,29,27,1,2,1
23,1,683,282,21,19,1,2,1
24,11,553,294,25,19,1,2,1
24,9,838,437,74,52,1,2,1
24,7,755,271,12,17,1,2,1
24,5,628,260,18,16,1,2,1
24,4,588,277,17,16,1,2,1
24,3,705,267,18,19,1,2,1
24,2,539,310,30,28,1,2,1
24,1,683,281,21,20,1,2,1
25,11,553,295,24,18,1,2,1
25,9,834,432,72,55,1,2,1
25,7,755,271,13,16,1,2,1
25,5,628,260,18,16,1,2,1
25,4,588,276,17,18,1,2,1
25,3,704,267,19,19,1,2,1
25,2,538,310,31,31,1,2,1
25,1,683,281,21,19,1,2,1
26,11,553,295,23,20,1,2,1
26,9,831,428,68,52,1,2,1
26,7,755,271,13,16,1,2,1
26,5,628,260,17,16,1,2,1
26,4,587,278,19,17,1,2,1
26,3,704,268,19,18,1,2,1
26,2,535,312,33,30,1,2,1
26,1,683,281,21,18,1,2,1
27,11,553,295,22,20,1,2,1
27,9,825,423,69,51,1,2,1
27,5,628,260,18,16,1,2,1
27,4,586,278,20,18,1,2,1
27,3,705,267,18,19,1,2,1
27,2,534,313,33,31,1,2,1
27,1,683,281,21,17,1,2,1
28,11,553,296,22,20,1,2,1
28,9,832,436,57,38,1,2,1
28,5,628,261,17,16,1,2,1
28,4,587,280,18,16,1,2,1
28,3,705,267,18,19,1,2,1
28,2,532,314,33,32,1,2,1
28,1,683,281,22,18,1,2,1
29,11,552,296,24,21,1,2,1
29,5,628,261,17,15,1,2,1
29,4,586,279,18,17,1,2,1
29,3,705,266,18,19,1,2,1
29,2,529,315,35,31,1,2,1
29,1,683,280,21,19,1,2,1
30,12,816,411,61,49,1,2,1
30,11,551,298,24,20,1,2,1
30,5,626,261,19,15,1,2,1
30,4,584,279,20,18,1,2,1
30,3,705,266,17,19,1,2,1
30,2,528,316,33,32,1,2,1
30,1,683,278,20,21,1,2,1
31,12,810,409,61,44,1,2,1
31,11,547,298,25,23,1,2,1
31,5,626,261,18,15,1,2,1
31,4,584,280,19,17,1,2,1
31,3,704,266,18,20,1,2,1
31,2,528,317,31,32,1,2,1
31,1,683,277,20,22,1,2,1
32,12,807,403,58,44,1,2,1
32,11,545,300,25,22,1,2,1
32,5,625,262,18,15,1,2,1
32,4,582,280,21,17,1,2,1
32,3,703,265,19,21,1,2,1
32,2,525,319,33,31,1,2,1
32,1,682,276,21,22,1,2,1
33,12,804,399,58,44,1,2,1
33,11,544,301,25,21,1,2,1
33,5,625,262,18,15,1,2,1
33,4,581,280,21,17,1,2,1
33,3,703,265,19,20,1,2,1
33,2,524,321,32,30,1,2,1
33,1,682,276,21,22,1,2,1
34,12,801,396,56,44,1,2,1
34,11,543,301,24,20,1,2,1
34,5,625,262,18,16,1,2,1
34,4,580,281,22,17,1,2,1
34,3,703,264,19,22,1,2,1
34,2,522,321,33,31,1,2,1
34,1,683,275,20,23,1,2,1
35,12,800,394,53,43,1,2,1
35,11,542,301,25,21,1,2,1
35,5,624,263,18,16,1,2,1
35,4,580,281,22,17,1,2,1
35,3,703,264,19,22,1,2,1
35,2,520,321,35,33,1,2,1
35,1,683,274,21,24,1,2,1
36,12,795,392,53,38,1,2,1
36,11,541,302,26,21,1,2,1
36,5,624,262,18,16,1,2,1
36,4,578,282,23,16,1,2,1
36,3,703,263,19,22,1,2,1
36,2,518,321,39,35,1,2,1
36,1,683,271,22,26,1,2,1
37,12,791,387,56,39,1,2,1
37,11,540,303,24,21,1,2,1
37,5,623,262,18,14,1,2,1
37,4,578,282,22,17,1,2,1
37,3,703,264,19,21,1,2,1
37,2,515,324,38,34,1,2,1
37,1,683,270,23,27,1,2,1
38,12,790,385,51,37,1,2,1
38,11,539,303,25,22,1,2,1
38,5,623,261,18,15,1,2,1
38,4,577,284,21,15,1,2,1
38,3,702,263,20,22,1,2,1
38,2,513,324,37,35,1,2,1
38,1,682,270,23,27,1,2,1
39,12,789,383,47,34,1,2,1
39,11,538,303,25,21,1,2,1
39,5,623,261,18,16,1,2,1
39,4,576,285,21,14,1,2,1
39,3,703,261,19,23,1,2,1
39,2,510,324,39,37,1,2,1
39,1,682,269,23,27,1,2,1
40,12,784,378,49,40,1,2,1
40,11,537,304,26,22,1,2,1
40,5,623,261,18,15,1,2,1
40,4,576,285,21,14,1,2,1
40,3,702,261,19,23,1,2,1
40,2,509,325,38,37,1,2,1
40,1,681,272,22,24,1,2,1
41,12,781,378,49,33,1,2,1
41,11,535,304,26,21,1,2,1
41,5,623,262,17,14,1,2,1
41,4,575,285,21,15,1,2,1
41,3,702,261,19,23,1,2,1
41,2,507,326,37,37,1,2,1
41,1,681,271,22,24,1,2,1
42,12,780,375,50,35,1,2,1
42,11,534,306,26,21,1,2,1
42,5,623,263,18,18,1,2,1
42,4,575,285,20,15,1,2,1
42,3,702,260,19,23,1,2,1
42,2,505,327,37,39,1,2,1
42,1,681,271,21,24,1,2,1
43,12,779,372,44,33,1,2,1
43,11,533,307,26,22,1,2,1
43,5,624,265,17,17,1,2,1
43,4,575,285,19,16,1,2,1
43,3,702,261,20,22,1,2,1
43,2,503,327,36,41,1,2,1
43,1,681,270,21,24,1,2,1
44,12,776,370,46,33,1,2,1
44,11,531,307,26,24,1,2,1
44,5,623,265,17,17,1,2,1
44,4,574,285,20,17,1,2,1
44,3,704,259,18,25,1,2,1
44,2,501,329,38,41,1,2,1
44,1,681,270,21,24,1,2,1
45,12,774,368,47,32,1,2,1
45,11,529,309,27,24,1,2,1
45,5,623,265,17,17,1,2,1
45,4,573,286,20,16,1,2,1
45,3,704,258,17,26,1,2,1
45,2,498,331,39,42,1,2,1
45,1,682,269,20,24,1,2,1
46,12,771,366,51,33,1,2,1
46,11,528,309,27,24,1,2,1
46,5,623,266,17,17,1,2,1
46,4,572,285,20,17,1,2,1
46,3,704,258,17,26,1,2,1
46,2,495,334,41,40,1,2,1
46,1,681,269,20,24,1,2,1
47,12,771,363,47,34,1,2,1
47,11,526,310,28,24,1,2,1
47,5,623,266,17,17,1,2,1
47,4,572,286,19,17,1,2,1
47,2,493,336,43,40,1,2,1
47,1,681,269,19,24,1,2,1
48,12,768,363,47,32,1,2,1
48,11,526,312,27,23,1,2,1
48,5,622,266,17,17,1,2,1
48,4,571,286,19,17,1,2,1
48,2,491,338,42,39,1,2,1
48,1,681,270,19,22,1,2,1
49,12,766,362,50,31,1,2,1
49,11,525,313,27,23,1,2,1
49,5,623,266,16,18,1,2,1
49,4,570,287,20,16,1,2,1
49,2,487,339,45,41,1,2,1
49,1,682,269,18,23,1,2,1
50,12,765,359,51,32,1,2,1
50,11,524,313,26,24,1,2,1
50,5,622,270,18,14,1,2,1
50,4,569,287,20,16,1,2,1
50,2,485,339,42,44,1,2,1
50,1,682,270,17,21,1,2,1
51,12,765,356,43,30,1,2,1
51,11,522,313,28,25,1,2,1
51,5,623,271,17,13,1,2,1
51,4,569,286,19,18,1,2,1
51,2,481,340,44,45,1,2,1
51,1,682,270,17,21,1,2,1
52,12,763,354,44,30,1,2,1
52,11,521,314,28,26,1,2,1
52,5,623,270,17,14,1,2,1
52,4,568,286,20,18,1,2,1
52,3,702,260,18,23,1,2,1
52,2,479,342,44,47,1,2,1
52,1,682,270,17,20,1,2,1
53,12,761,352,43,31,1,2,1
53,11,519,314,28,27,1,2,1
53,5,623,272,16,12,1,2,1
53,4,567,286,21,18,1,2,1
53,3,702,259,18,24,1,2,1
53,2,477,344,44,47,1,2,1
53,1,681,270,18,19,1,2,1
54,12,759,351,44,30,1,2,1
54,11,517,315,29,27,1,2,1
54,5,622,273,17,12,1,2,1
54,4,567,287,20,19,1,2,1
54,3,702,260,18,23,1,2,1
54,2,472,346,48,47,1,2,1
54,1,681,270,18,19,1,2,1
55,12,757,347,42,32,1,2,1
55,11,515,316,30,28,1,2,1
55,5,622,272,18,13,1,2,1
55,4,566,287,21,19,1,2,1
55,3,702,259,18,24,1,2,1
55,2,468,347,51,49,1,2,1
55,1,681,270,18,19,1,2,1
56,14,620,265,17,17,1,2,1
56,12,756,347,41,30,1,2,1
56,11,513,318,30,28,1,2,1
56,5,621,273,19,13,1,2,1
56,4,564,288,23,19,1,2,1
56,2,465,349,51,52,1,2,1
56,1,681,270,17,19,1,2,1
57,14,620,266,17,17,1,2,1
57,12,754,346,42,28,1,2,1
57,11,512,318,30,28,1,2,1
57,5,621,273,19,13,1,2,1
57,4,563,288,24,20,1,2,1
57,2,462,352,52,51,1,2,1
57,1,681,270,17,18,1,2,1
58,14,619,266,18,17,1,2,1
58,12,753,344,46,29,1,2,1
58,11,510,319,31,28,1,2,1
58,5,620,274,20,13,1,2,1
58,4,562,288,24,22,1,2,1
58,2,457,353,55,53,1,2,1
58,1,681,270,17,18,1,2,1
59,12,751,342,44,29,1,2,1
59,11,510,320,31,27,1,2,1
59,5,620,274,20,13,1,2,1
59,4,562,287,24,24,1,2,1
59,2,454,355,55,54,1,2,1
59,1,682,270,16,18,1,2,1
60,12,750,339,45,31,1,2,1
60,11,507,321,32,27,1,2,1
60,5,620,275,19,13,1,2,1
60,4,561,288,24,23,1,2,1
60,3,701,257,18,24,1,2,1
60,2,450,357,56,54,1,2,1
60,1,681,269,17,18,1,2,1
61,12,750,339,40,28,1,2,1
61,11,505,322,33,28,1,2,1
61,5,620,275,19,13,1,2,1
61,4,561,288,23,24,1,2,1
61,2,447,356,57,59,1,2,1
61,1,681,268,17,19,1,2,1
62,12,749,338,40,28,1,2,1
62,11,504,322,31,29,1,2,1
62,5,620,275,19,14,1,2,1
62,4,560,290,23,23,1,2,1
62,2,443,357,58,61,1,2,1
62,1,681,268,17,19,1,2,1
63,12,748,337,39,27,1,2,1
63,11,502,324,31,29,1,2,1
63,5,620,276,18,13,1,2,1
63,4,559,290,24,23,1,2,1
63,2,438,363,59,61,1,2,1
63,1,681,268,17,19,1,2,1
64,12,747,336,40,27,1,2,1
64,11,500,325,32,30,1,2,1
64,5,620,277,18,12,1,2,1
64,4,558,290,24,23,1,2,1
64,2,434,366,61,61,1,2,1
64,1,681,267,17,20,1,2,1
65,12,746,335,43,27,1,2,1
65,11,497,325,33,32,1,2,1
65,5,620,278,18,12,1,2,1
65,4,556,292,25,22,1,2,1
65,2,428,371,62,60,1,2,1
65,1,681,267,17,20,1,2,1
66,12,744,332,37,27,1,2,1
66,11,495,325,34,33,1,2,1
66,5,619,278,19,13,1,2,1
66,4,555,292,24,23,1,2,1
66,2,424,373,64,62,1,2,1
66,1,681,268,17,19,1,2,1
67,12,743,331,35,24,1,2,1
67,11,494,326,34,32,1,2,1
67,5,619,279,18,13,1,2,1
67,4,554,293,24,22,1,2,1
67,2,419,375,67,65,1,2,1
67,1,681,268,17,19,1,2,1
68,12,742,331,35,23,1,2,1
68,11,493,327,34,34,1,2,1
68,5,619,280,18,12,1,2,1
68,4,555,293,21,24,1,2,1
68,2,413,378,69,65,1,2,1
68,1,681,267,17,20,1,2,1
69,12,742,330,35,23,1,2,1
69,11,491,329,34,33,1,2,1
69,5,619,280,18,12,1,2,1
69,4,554,293,22,24,1,2,1
69,2,408,380,68,68,1,2,1
69,1,680,265,18,20,1,2,1
70,12,741,328,37,24,1,2,1
70,11,488,330,35,33,1,2,1
70,5,619,281,17,12,1,2,1
70,4,553,293,22,24,1,2,1
70,2,402,383,71,72,1,2,1
70,1,680,265,18,20,1,2,1
71,12,740,327,38,25,1,2,1
71,11,485,332,36,33,1,2,1
71,5,618,281,18,12,1,2,1
71,4,551,294,24,24,1,2,1
71,2,396,386,74,74,1,2,1
71,1,679,264,19,21,1,2,1
72,12,738,326,38,24,1,2,1
72,11,483,333,36,34,1,2,1
72,5,618,281,19,12,1,2,1
72,4,552,295,22,24,1,2,1
72,2,389,391,77,75,1,2,1
72,1,679,264,18,20,1,2,1
73,12,737,324,35,24,1,2,1
73,11,481,335,36,33,1,2,1
73,5,617,281,19,13,1,2,1
73,4,551,297,23,22,1,2,1
73,2,382,394,79,78,1,2,1
73,1,679,264,18,20,1,2,1
74,16,825,613,153,104,1,2,1
74,12,736,323,36,24,1,2,1
74,11,479,336,36,34,1,2,1
74,5,618,281,17,13,1,2,1
74,4,548,297,25,22,1,2,1
74,2,376,398,81,79,1,2,1
74,1,679,264,18,20,1,2,1
75,16,815,588,142,129,1,2,1
75,12,736,322,33,24,1,2,1
75,11,477,336,36,36,1,2,1
75,5,617,282,17,12,1,2,1
75,4,547,299,25,21,1,2,1
75,2,368,402,83,84,1,2,1
75,1,679,264,18,20,1,2,1
76,16,805,572,134,120,1,2,1
76,12,735,321,34,25,1,2,1
76,11,473,338,39,37,1,2,1
76,5,617,283,17,12,1,2,1
76,4,547,298,24,22,1,2,1
76,2,359,407,86,85,1,2,1
76,1,679,264,18,20,1,2,1
77,16,796,556,125,109,1,2,1
77,12,735,321,32,24,1,2,1
77,11,470,340,40,36,1,2,1
77,5,616,283,19,13,1,2,1
77,4,546,299,24,22,1,2,1
77,2,351,411,90,89,1,2,1
77,1,679,264,18,19,1,2,1
78,16,789,541,120,101,1,2,1
78,12,735,320,30,23,1,2,1
78,11,467,341,42,37,1,2,1
78,5,616,282,19,14,1,2,1
78,4,544,299,26,23,1,2,1
78,3,701,254,14,23,1,2,1
78,2,342,415,95,93,1,2,1
79,16,782,527,111,96,1,2,1
79,12,733,319,31,24,1,2,1
79,11,465,342,42,39,1,2,1
79,5,616,282,18,14,1,2,1
79,4,543,299,26,24,1,2,1
79,3,700,254,15,23,1,2,1
79,2,333,421,96,97,1,2,1
80,16,777,513,105,92,1,2,1
80,12,733,318,30,22,1,2,1
80,11,462,342,43,40,1,2,1
80,5,615,283,18,14,1,2,1
80,4,543,299,25,25,1,2,1
80,3,701,254,15,23,1,2,1
80,2,323,426,101,99,1,2,1
81,16,771,502,99,86,1,2,1
81,12,732,316,30,22,1,2,1
81,11,461,343,42,42,1,2,1
81,5,615,284,18,13,1,2,1
81,4,542,300,25,25,1,2,1
81,3,700,254,16,23,1,2,1
81,2,311,430,108,104,1,2,1
82,16,766,491,96,82,1,2,1
82,12,731,315,32,21,1,2,1
82,11,456,343,46,45,1,2,1
82,5,614,284,18,14,1,2,1
82,4,541,299,25,27,1,2,1
82,3,700,254,16,23,1,2,1
82,2,301,439,110,107,1,2,1
83,16,761,481,91,80,1,2,1
83,12,731,315,29,20,1,2,1
83,11,453,345,46,45,1,2,1
83,5,613,284,19,14,1,2,1
83,4,540,300,25,26,1,2,1
83,3,701,254,15,22,1,2,1
83,2,288,445,118,110,1,2,1
84,16,754,470,89,77,1,2,1
84,12,730,314,30,20,1,2,1
84,11,450,348,48,44,1,2,1
84,5,614,284,17,14,1,2,1
84,4,538,301,26,26,1,2,1
84,3,701,254,14,22,1,2,1
84,2,276,449,120,119,1,2,1
85,16,752,464,81,73,1,2,1
85,12,729,314,29,20,1,2,1
85,11,447,351,48,42,1,2,1
85,5,613,285,17,14,1,2,1
85,4,535,303,30,26,1,2,1
85,3,701,254,14,22,1,2,1
85,2,261,457,128,122,1,2,1
86,16,750,457,78,69,1,2,1
86,12,729,312,30,20,1,2,1
86,11,443,352,51,45,1,2,1
86,5,612,285,18,14,1,2,1
86,4,534,303,30,27,1,2,1
86,3,701,253,14,23,1,2,1
86,2,246,466,132,127,1,2,1
87,16,744,450,78,67,1,2,1
87,12,729,312,29,20,1,2,1
87,11,440,354,50,46,1,2,1
87,5,612,285,18,14,1,2,1
87,4,532,303,31,28,1,2,1
87,3,700,253,15,23,1,2,1
87,2,230,474,138,134,1,2,1
88,16,740,444,78,62,1,2,1
88,12,727,312,31,19,1,2,1
88,11,437,355,51,47,1,2,1
88,5,611,286,18,14,1,2,1
88,4,531,304,30,28,1,2,1
88,3,700,253,15,23,1,2,1
88,2,212,483,147,140,1,2,1
89,16,738,438,73,54,1,2,1
89,12,727,310,31,21,1,2,1
89,11,432,354,54,50,1,2,1
89,5,610,287,19,13,1,2,1
89,4,529,306,31,27,1,2,1
89,3,700,253,15,23,1,2,1
89,2,193,492,154,148,1,2,1
90,16,736,432,68,52,1,2,1
90,12,726,309,31,21,1,2,1
90,11,429,357,54,50,1,2,1
90,5,610,287,19,14,1,2,1
90,4,527,306,32,28,1,2,1
90,3,699,253,15,23,1,2,1
90,2,171,504,164,153,1,2,1
91,16,732,425,67,49,1,2,1
91,12,726,307,30,22,1,2,1
91,11,426,360,53,50,1,2,1
91,5,609,288,21,13,1,2,1
91,4,526,307,35,28,1,2,1
91,3,700,254,14,21,1,2,1
91,2,148,515,175,162,1,2,1
92,16,729,421,65,48,1,2,1
92,12,726,306,27,22,1,2,1
92,11,421,362,54,51,1,2,1
92,5,609,288,20,14,1,2,1
92,4,526,307,32,28,1,2,1
92,3,699,253,15,22,1,2,1
92,2,122,527,187,172,1,2,1
93,16,726,414,65,50,1,2,1
93,12,725,306,28,21,1,2,1
93,11,417,364,56,53,1,2,1
93,5,608,290,21,12,1,2,1
93,4,525,308,30,28,1,2,1
93,3,699,253,15,22,1,2,1
93,2,96,540,197,175,1,2,1
94,16,725,411,60,45,1,2,1
94,14,608,267,20,14,1,2,1
94,12,725,306,27,20,1,2,1
94,11,414,367,57,53,1,2,1
94,5,608,290,21,13,1,2,1
94,4,523,308,30,29,1,2,1
94,3,699,254,15,21,1,2,1
94,2,66,556,211,162,1,2,1
95,16,723,406,60,47,1,2,1
95,14,608,267,18,14,1,2,1
95,12,724,306,28,19,1,2,1
95,11,409,369,58,55,1,2,1
95,5,607,290,21,13,1,2,1
95,4,522,309,30,29,1,2,1
95,3,700,254,14,21,1,2,1
95,2,31,571,226,145,1,2,1
96,16,722,402,58,46,1,2,1
96,14,607,267,17,15,1,2,1
96,12,723,305,28,19,1,2,1
96,11,405,370,59,57,1,2,1
96,5,607,291,21,13,1,2,1
96,4,521,311,30,29,1,2,1
96,3,700,254,14,21,1,2,1
97,16,720,400,58,41,1,2,1
97,14,606,268,15,14,1,2,1
97,12,723,305,28,18,1,2,1
97,11,399,372,60,59,1,2,1
97,5,605,292,24,12,1,2,1
97,4,519,311,32,30,1,2,1
97,3,699,254,15,21,1,2,1
98,16,718,394,57,44,1,2,1
98,14,605,269,16,13,1,2,1
98,12,723,305,27,17,1,2,1
98,11,395,374,61,62,1,2,1
98,5,605,292,23,13,1,2,1
98,4,517,312,33,31,1,2,1
98,3,700,254,14,20,1,2,1
99,16,716,392,54,43,1,2,1
99,14,605,269,16,13,1,2,1
99,12,723,304,27,19,1,2,1
99,11,388,377,65,63,1,2,1
99,5,604,292,24,14,1,2,1
99,4,516,313,33,32,1,2,1
99,3,700,254,14,21,1,2,1
100,16,713,387,54,40,1,2,1
100,14,605,269,16,13,1,2,1
100,12,722,304,28,18,1,2,1
100,11,383,381,66,62,1,2,1
100,5,603,292,25,15,1,2,1
100,4,514,313,33,33,1,2,1
100,3,700,255,14,19,1,2,1
101,16,711,382,52,41,1,2,1
101,14,605,270,16,13,1,2,1
101,12,721,303,26,18,1,2,1
101,11,379,385,65,62,1,2,1
101,5,603,292,25,15,1,2,1
101,4,512,315,34,31,1,2,1
101,3,700,255,14,19,1,2,1
102,16,710,379,50,41,1,2,1
102,14,604,270,16,13,1,2,1
102,12,721,302,24,18,1,2,1
102,11,373,386,68,67,1,2,1
102,5,603,293,24,14,1,2,1
102,4,511,315,32,32,1,2,1
102,3,700,255,14,19,1,2,1
103,16,709,376,49,41,1,2,1
103,14,604,270,16,13,1,2,1
103,12,721,301,23,18,1,2,1
103,11,367,391,70,66,1,2,1
103,5,602,292,24,16,1,2,1
103,4,510,317,32,31,1,2,1
103,3,700,255,14,19,1,2,1
104,16,707,373,49,38,1,2,1
104,12,721,302,24,16,1,2,1
104,11,359,393,73,71,1,2,1
104,5,601,292,26,17,1,2,1
104,4,508,318,34,30,1,2,1
104,3,700,254,13,20,1,2,1
105,16,705,371,49,37,1,2,1
105,12,720,301,23,16,1,2,1
105,11,354,396,73,73,1,2,1
105,5,601,292,24,17,1,2,1
105,4,505,319,35,31,1,2,1
105,3,700,254,13,20,1,2,1
106,16,704,368,48,36,1,2,1
106,12,720,301,23,15,1,2,1
106,11,347,399,76,73,1,2,1
106,5,600,292,24,18,1,2,1
106,4,504,319,35,33,1,2,1
106,3,700,253,13,21,1,2,1
107,16,703,366,50,37,1,2,1
107,12,719,300,24,17,1,2,1
107,11,340,403,79,77,1,2,1
107,5,599,292,25,19,1,2,1
107,4,502,320,36,32,1,2,1
107,3,700,253,13,21,1,2,1
108,16,703,363,48,36,1,2,1
108,12,719,300,23,15,1,2,1
108,11,332,408,81,79,1,2,1
108,5,599,292,25,19,1,2,1
108,4,500,322,36,32,1,2,1
108,3,700,253,13,21,1,2,1
109,16,702,359,46,36,1,2,1
109,14,603,269,21,15,1,2,1
109,12,719,300,23,14,1,2,1
109,11,324,409,83,83,1,2,1
109,5,598,294,25,18,1,2,1
109,4,498,323,37,33,1,2,1
109,3,699,252,14,22,1,2,1
110,17,635,256,22,14,1,2,1
110,16,701,358,44,34,1,2,1
110,14,603,269,21,15,1,2,1
110,12,718,299,25,16,1,2,1
110,11,315,416,88,83,1,2,1
110,5,597,295,24,17,1,2,1
110,4,496,323,37,34,1,2,1
110,3,699,252,14,21,1,2,1
111,17,635,256,22,14,1,2,1
111,16,702,357,38,32,1,2,1
111,14,601,270,21,15,1,2,1
111,12,717,299,24,16,1,2,1
111,11,307,420,88,86,1,2,1
111,5,596,298,27,15,1,2,1
111,4,494,324,37,34,1,2,1
111,3,700,252,13,21,1,2,1
112,17,634,256,24,15,1,2,1
112,16,701,356,38,30,1,2,1
112,14,598,270,22,15,1,2,1
112,12,717,297,23,17,1,2,1
112,11,297,423,93,91,1,2,1
112,5,595,300,24,13,1,2,1
112,4,492,325,37,35,1,2,1
112,3,700,252,13,21,1,2,1
113,16,699,353,40,31,1,2,1
113,14,600,271,17,14,1,2,1
113,12,717,297,23,16,1,2,1
113,11,288,429,94,93,1,2,1
113,5,595,300,23,14,1,2,1
113,4,491,325,37,36,1,2,1
113,3,699,253,14,20,1,2,1
114,16,698,350,40,31,1,2,1
114,14,600,271,17,14,1,2,1
114,12,717,295,23,18,1,2,1
114,11,277,434,99,95,1,2,1
114,5,595,301,23,14,1,2,1
114,4,488,327,39,36,1,2,1
114,3,699,253,14,20,1,2,1
115,16,697,349,40,30,1,2,1
115,14,600,271,16,15,1,2,1
115,12,716,295,24,17,1,2,1
115,11,266,439,103,100,1,2,1
115,5,594,300,23,16,1,2,1
115,4,486,327,39,37,1,2,1
115,3,699,252,14,21,1,2,1
116,16,696,344,38,32,1,2,1
116,14,599,272,17,14,1,2,1
116,12,716,294,23,17,1,2,1
116,11,254,446,107,103,1,2,1
116,5,593,301,23,15,1,2,1
116,4,484,329,39,37,1,2,1
116,3,699,252,14,20,1,2,1
117,16,696,341,36,32,1,2,1
117,14,599,272,16,14,1,2,1
117,12,716,294,22,17,1,2,1
117,11,241,450,115,107,1,2,1
117,5,592,301,24,16,1,2,1
117,4,481,330,40,36,1,2,1
117,3,699,252,14,20,1,2,1
118,16,695,340,36,31,1,2,1
118,14,599,273,16,14,1,2,1
118,12,715,292,23,18,1,2,1
118,11,228,458,117,111,1,2,1
118,5,592,303,24,15,1,2,1
118,4,479,330,39,38,1,2,1
118,3,699,253,14,19,1,2,1
119,16,694,339,38,30,1,2,1
119,14,599,273,16,14,1,2,1
119,12,714,292,22,17,1,2,1
119,11,215,465,118,114,1,2,1
119,5,592,304,23,16,1,2,1
119,4,477,332,40,38,1,2,1
119,3,699,252,14,20,1,2,1
120,16,695,339,34,28,1,2,1
120,14,598,273,16,14,1,2,1
120,12,714,291,20,17,1,2,1
120,11,200,473,126,120,1,2,1
120,5,590,305,25,16,1,2,1
120,4,475,333,41,39,1,2,1
120,3,698,254,15,18,1,2,1
121,16,695,337,34,28,1,2,1
121,14,596,273,17,16,1,2,1
121,12,714,290,20,17,1,2,1
121,11,183,481,131,127,1,2,1
121,5,590,305,24,16,1,2,1
121,4,470,335,44,40,1,2,1
121,3,698,254,15,18,1,2,1
122,16,693,335,35,28,1,2,1
122,14,596,273,17,16,1,2,1
122,12,713,289,20,18,1,2,1
122,11,166,490,137,133,1,2,1
122,5,588,306,26,16,1,2,1
122,4,468,337,44,39,1,2,1
122,3,698,253,15,19,1,2,1
123,19,1005,612,185,106,1,2,1
123,16,693,334,33,27,1,2,1
123,14,595,273,18,16,1,2,1
123,12,712,290,22,16,1,2,1
123,11,147,498,146,140,1,2,1
123,5,586,307,28,17,1,2,1
123,4,466,338,45,41,1,2,1
123,3,698,253,15,19,1,2,1
124,19,990,593,172,120,1,2,1
124,16,692,332,35,28,1,2,1
124,14,594,273,19,15,1,2,1
124,12,712,289,21,17,1,2,1
124,11,127,508,152,147,1,2,1
124,5,585,307,29,18,1,2,1
124,4,463,340,46,41,1,2,1
124,3,698,253,15,19,1,2,1
125,19,973,576,162,112,1,2,1
125,16,692,330,33,27,1,2,1
125,14,593,273,20,15,1,2,1
125,12,711,289,22,16,1,2,1
125,11,103,520,163,154,1,2,1
125,5,584,308,29,18,1,2,1
125,4,461,340,45,44,1,2,1
125,3,698,253,15,19,1,2,1
126,19,958,559,152,109,1,2,1
126,16,692,328,32,28,1,2,1
126,14,593,273,19,15,1,2,1
126,12,712,289,21,16,1,2,1
126,11,80,531,171,160,1,2,1
126,5,584,308,29,19,1,2,1
126,4,458,341,46,43,1,2,1
126,3,699,253,14,18,1,2,1
127,19,946,546,143,104,1,2,1
127,16,691,327,32,26,1,2,1
127,14,593,273,19,16,1,2,1
127,12,711,289,22,16,1,2,1
127,11,52,544,183,170,1,2,1
127,5,582,308,27,20,1,2,1
127,4,454,343,49,44,1,2,1
127,3,699,252,14,19,1,2,1
128,19,934,533,134,99,1,2,1
128,16,690,325,35,27,1,2,1
128,14,592,274,21,16,1,2,1
128,12,711,288,21,16,1,2,1
128,11,24,559,194,156,1,2,1
128,5,582,309,26,20,1,2,1
128,4,451,343,50,47,1,2,1
128,3,699,253,13,18,1,2,1
129,19,923,522,127,90,1,2,1
129,16,690,325,36,25,1,2,1
129,14,592,274,20,16,1,2,1
129,12,711,288,20,17,1,2,1
129,11,1,571,206,145,1,2,1
129,5,581,310,26,20,1,2,1
129,4,448,343,51,48,1,2,1
129,3,699,253,13,18,1,2,1
130,19,913,510,119,89,1,2,1
130,16,689,324,34,24,1,2,1
130,14,592,274,20,16,1,2,1
130,12,711,288,20,16,1,2,1
130,11,0,578,202,137,1,2,1
130,5,580,311,26,20,1,2,1
130,4,445,345,52,48,1,2,1
130,3,699,253,13,18,1,2,1
131,19,903,499,115,86,1,2,1
131,16,689,322,31,25,1,2,1
131,14,592,274,19,16,1,2,1
131,12,711,288,21,15,1,2,1
131,11,0,607,157,109,1,2,1
131,5,579,313,26,19,1,2,1
131,4,442,347,54,51,1,2,1
131,3,699,253,13,17,1,2,1
132,19,894,487,110,86,1,2,1
132,16,689,321,30,25,1,2,1
132,14,591,274,18,17,1,2,1
132,12,711,287,21,16,1,2,1
132,11,0,626,134,90,1,2,1
132,5,578,313,26,19,1,2,1
132,4,438,352,54,48,1,2,1
132,3,699,253,13,17,1,2,1
133,19,886,477,104,83,1,2,1
133,17,629,260,23,14,1,2,1
133,16,689,321,29,23,1,2,1
133,14,591,275,17,16,1,2,1
133,12,711,287,20,16,1,2,1
133,11,1,647,102,68,1,2,1
133,5,577,314,28,20,1,2,1
133,4,434,353,56,49,1,2,1
133,3,699,253,13,17,1,2,1
134,19,878,473,102,76,1,2,1
134,16,689,319,30,24,1,2,1
134,14,591,274,17,17,1,2,1
134,12,710,286,20,16,1,2,1
134,5,577,314,26,21,1,2,1
134,4,431,354,56,50,1,2,1
134,3,699,253,13,17,1,2,1
135,19,870,465,94,74,1,2,1
135,16,690,319,25,22,1,2,1
135,14,591,273,17,19,1,2,1
135,12,710,286,21,15,1,2,1
135,5,576,315,26,21,1,2,1
135,4,428,355,57,53,1,2,1
135,3,699,253,13,17,1,2,1
136,19,863,459,94,69,1,2,1
136,16,689,317,28,23,1,2,1
136,14,590,273,19,19,1,2,1
136,12,710,286,21,14,1,2,1
136,5,573,316,29,21,1,2,1
136,4,424,356,58,54,1,2,1
136,3,699,253,13,17,1,2,1
137,19,857,451,88,64,1,2,1
137,16,688,317,30,22,1,2,1
137,14,590,274,19,19,1,2,1
137,12,711,285,21,16,1,2,1
137,5,571,317,30,22,1,2,1
137,4,420,360,59,55,1,2,1
137,3,699,254,13,16,1,2,1
138,19,852,445,84,64,1,2,1
138,16,688,316,29,21,1,2,1
138,14,590,275,18,18,1,2,1
138,12,711,285,20,15,1,2,1
138,5,570,319,29,22,1,2,1
138,4,415,361,61,57,1,2,1
138,3,699,254,13,16,1,2,1
139,19,849,439,76,54,1,2,1
139,16,688,316,26,20,1,2,1
139,14,589,275,18,18,1,2,1
139,12,711,285,19,15,1,2,1
139,5,568,320,31,22,1,2,1
139,4,412,362,61,59,1,2,1
139,3,699,254,13,16,1,2,1
140,19,841,434,77,54,1,2,1
140,16,688,314,26,20,1,2,1
140,14,588,275,20,19,1,2,1
140,12,710,284,20,15,1,2,1
140,5,567,320,32,24,1,2,1
140,4,407,364,63,61,1,2,1
140,3,698,254,14,16,1,2,1
141,19,836,429,75,52,1,2,1
141,16,687,313,26,20,1,2,1
141,14,588,274,21,21,1,2,1
141,12,710,285,20,15,1,2,1
141,5,565,321,34,24,1,2,1
141,4,403,367,63,61,1,2,1
141,3,698,254,14,16,1,2,1
142,19,834,424,68,53,1,2,1
142,16,687,311,27,21,1,2,1
142,14,587,274,21,21,1,2,1
142,12,710,285,21,15,1,2,1
142,5,564,322,33,24,1,2,1
142,4,398,370,64,63,1,2,1
142,3,698,254,14,16,1,2,1
143,19,827,421,70,48,1,2,1
143,16,687,310,27,21,1,2,1
143,14,587,277,18,19,1,2,1
143,12,710,284,20,16,1,2,1
143,5,564,323,32,25,1,2,1
143,4,394,372,65,64,1,2,1
143,3,697,252,14,17,1,2,1
144,19,821,415,67,46,1,2,1
144,16,686,310,30,20,1,2,1
144,14,586,277,19,20,1,2,1
144,12,709,284,20,15,1,2,1
144,5,562,322,33,27,1,2,1
144,4,388,374,68,66,1,2,1
144,3,697,252,13,17,1,2,1
145,19,819,411,64,45,1,2,1
145,16,685,310,32,19,1,2,1
145,14,585,278,19,19,1,2,1
145,12,710,284,19,15,1,2,1
145,5,559,324,34,27,1,2,1
145,4,382,376,71,68,1,2,1
146,20,605,272,20,15,1,2,1
146,19,819,408,59,44,1,2,1
146,16,686,308,27,19,1,2,1
146,14,585,279,19,18,1,2,1
146,12,710,285,19,13,1,2,1
146,5,558,325,35,27,1,2,1
146,4,377,379,73,69,1,2,1
147,20,605,271,20,15,1,2,1
147,19,811,402,59,45,1,2,1
147,16,685,307,28,20,1,2,1
147,14,585,279,18,18,1,2,1
147,12,710,284,19,14,1,2,1
147,5,557,325,33,28,1,2,1
147,4,371,382,74,71,1,2,1
148,19,809,398,57,45,1,2,1
148,16,686,305,24,21,1,2,1
148,14,584,279,19,19,1,2,1
148,12,710,284,18,13,1,2,1
148,5,556,328,33,27,1,2,1
148,4,366,384,75,74,1,2,1
149,19,805,397,57,40,1,2,1
149,16,686,305,23,19,1,2,1
149,14,583,280,20,18,1,2,1
149,12,710,284,17,12,1,2,1
149,5,554,330,34,28,1,2,1
149,4,358,387,81,77,1,2,1
150,19,804,394,53,41,1,2,1
150,16,686,304,23,19,1,2,1
150,14,583,282,19,16,1,2,1
150,12,709,283,17,12,1,2,1
150,5,552,331,35,29,1,2,1
150,4,352,389,83,81,1,2,1
151,20,603,271,19,13,1,2,1
151,19,799,390,53,40,1,2,1
151,16,686,303,21,18,1,2,1
151,14,582,282,19,17,1,2,1
151,12,709,283,17,12,1,2,1
151,5,550,333,36,28,1,2,1
151,4,346,393,84,81,1,2,1
152,20,604,270,19,13,1,2,1
152,19,795,386,53,38,1,2,1
152,16,686,303,21,18,1,2,1
152,15,628,260,24,16,1,2,1
152,14,582,281,19,18,1,2,1
152,12,709,283,16,11,1,2,1
152,5,548,335,36,27,1,2,1
152,4,339,397,86,84,1,2,1
153,20,603,270,20,13,1,2,1
153,19,793,383,52,37,1,2,1
153,16,686,302,22,17,1,2,1
153,15,628,260,24,16,1,2,1
153,14,580,280,23,19,1,2,1
153,12,709,283,16,11,1,2,1
153,5,547,336,34,28,1,2,1
153,4,331,401,91,87,1,2,1
154,19,790,380,50,36,1,2,1
154,16,686,302,22,16,1,2,1
154,14,580,281,22,18,1,2,1
154,5,544,337,36,29,1,2,1
154,4,323,406,91,87,1,2,1
155,19,788,378,48,36,1,2,1
155,16,686,301,22,16,1,2,1
155,14,578,283,20,17,1,2,1
155,5,543,339,36,29,1,2,1
155,4,315,408,94,93,1,2,1
156,19,786,375,47,36,1,2,1
156,16,686,301,21,14,1,2,1
156,14,577,284,19,16,1,2,1
156,5,541,341,37,30,1,2,1
156,4,307,414,99,95,1,2,1
157,20,606,271,20,12,1,2,1
157,19,783,371,47,35,1,2,1
157,16,686,300,21,15,1,2,1
157,14,577,284,20,16,1,2,1
157,5,539,342,36,31,1,2,1
157,4,297,416,101,102,1,2,1
158,20,606,271,19,13,1,2,1
158,19,781,369,46,34,1,2,1
158,16,686,300,20,15,1,2,1
158,14,577,285,19,16,1,2,1
158,5,536,345,38,30,1,2,1
158,4,289,421,102,103,1,2,1
159,20,605,271,20,13,1,2,1
159,19,779,368,44,33,1,2,1
159,16,686,299,20,15,1,2,1
159,14,576,285,19,17,1,2,1
159,12,707,281,17,10,1,2,1
159,5,533,347,40,31,1,2,1
159,4,278,426,108,105,1,2,1
160,20,602,272,21,14,1,2,1
160,19,776,365,46,34,1,2,1
160,16,685,298,21,15,1,2,1
160,14,575,285,20,17,1,2,1
160,12,705,278,18,12,1,2,1
160,5,531,348,40,32,1,2,1
160,4,267,432,110,108,1,2,1
161,20,601,272,22,14,1,2,1
161,19,774,363,45,33,1,2,1
161,16,685,297,21,17,1,2,1
161,14,575,286,20,16,1,2,1
161,12,705,278,18,12,1,2,1
161,5,528,349,41,33,1,2,1
161,4,255,439,118,112,1,2,1
162,20,600,272,23,14,1,2,1
162,19,774,360,43,34,1,2,1
162,16,684,295,22,18,1,2,1
162,15,624,259,30,21,1,2,1
162,14,573,285,21,18,1,2,1
162,12,705,278,18,12,1,2,1
162,5,527,351,43,34,1,2,1
162,4,242,445,123,114,1,2,1
163,20,600,272,23,14,1,2,1
163,19,771,359,46,33,1,2,1
163,16,684,295,22,17,1,2,1
163,15,625,259,29,21,1,2,1
163,14,573,286,19,17,1,2,1
163,12,705,277,18,13,1,2,1
163,5,525,352,42,35,1,2,1
163,4,229,451,130,118,1,2,1
164,20,601,272,23,14,1,2,1
164,19,770,356,42,32,1,2,1
164,16,684,294,21,17,1,2,1
164,15,625,260,29,20,1,2,1
164,14,572,285,21,18,1,2,1
164,12,705,277,18,12,1,2,1
164,5,522,353,43,37,1,2,1
164,4,216,457,133,127,1,2,1
165,19,767,354,44,32,1,2,1
165,16,684,293,21,18,1,2,1
165,15,624,259,30,22,1,2,1
165,14,571,286,21,18,1,2,1
165,12,704,277,19,12,1,2,1
165,5,517,356,46,38,1,2,1
165,4,201,467,136,128,1,2,1
166,19,765,352,49,32,1,2,1
166,16,684,293,20,17,1,2,1
166,15,624,260,30,21,1,2,1
166,14,570,286,22,18,1,2,1
166,12,704,276,18,13,1,2,1
166,5,515,359,46,38,1,2,1
166,4,185,472,144,139,1,2,1
167,19,764,349,45,32,1,2,1
167,16,684,293,20,16,1,2,1
167,15,625,260,27,21,1,2,1
167,14,570,287,21,18,1,2,1
167,12,704,276,16,12,1,2,1
167,5,512,361,47,39,1,2,1
167,4,168,481,150,143,1,2,1
168,19,763,347,40,31,1,2,1
168,16,684,292,20,17,1,2,1
168,15,625,260,26,20,1,2,1
168,14,569,286,22,19,1,2,1
168,12,704,276,13,11,1,2,1
168,5,510,364,48,39,1,2,1
168,4,149,488,160,153,1,2,1
169,19,762,345,38,31,1,2,1
169,18,596,275,26,15,1,2,1
169,17,622,267,22,18,1,2,1
169,16,684,292,19,16,1,2,1
169,15,625,260,26,21,1,2,1
169,14,569,286,21,20,1,2,1
169,12,704,276,15,12,1,2,1
169,5,507,367,50,40,1,2,1
169,4,130,499,168,157,1,2,1
170,19,761,342,35,30,1,2,1
170,18,596,274,26,17,1,2,1
170,16,684,292,19,15,1,2,1
170,15,625,260,26,22,1,2,1
170,14,568,286,22,20,1,2,1
170,5,503,370,51,41,1,2,1
170,4,108,509,176,162,1,2,1
171,19,759,342,36,29,1,2,1
171,18,596,275,25,16,1,2,1
171,16,684,292,19,14,1,2,1
171,15,625,260,25,23,1,2,1
171,14,568,286,21,21,1,2,1
171,5,499,371,53,44,1,2,1
171,4,85,520,185,173,1,2,1
172,19,756,340,38,30,1,2,1
172,18,596,275,25,17,1,2,1
172,16,684,291,19,15,1,2,1
172,15,624,259,25,22,1,2,1
172,14,568,286,20,21,1,2,1
172,5,496,374,51,44,1,2,1
172,4,58,530,197,183,1,2,1
173,19,754,339,40,30,1,2,1
173,18,595,276,25,16,1,2,1
173,16,684,291,20,14,1,2,1
173,15,624,260,25,19,1,2,1
173,14,567,286,21,22,1,2,1
173,5,493,377,52,45,1,2,1
173,4,32,544,208,171,1,2,1
174,19,753,338,41,29,1,2,1
174,18,593,279,20,15,1,2,1
174,17,620,270,22,17,1,2,1
174,16,684,291,20,13,1,2,1
174,15,624,260,26,18,1,2,1
174,14,565,287,22,21,1,2,1
174,12,704,275,14,9,1,2,1
174,5,490,380,55,46,1,2,1
174,4,1,558,224,158,1,2,1
175,19,751,337,36,28,1,2,1
175,18,594,277,29,15,1,2,1
175,17,619,270,23,18,1,2,1
175,16,684,290,19,13,1,2,1
175,15,623,259,28,19,1,2,1
175,14,563,288,24,22,1,2,1
175,12,704,275,12,10,1,2,1
175,5,484,384,59,47,1,2,1
175,4,1,571,209,144,1,2,1
176,19,750,336,36,28,1,2,1
176,18,591,278,24,16,1,2,1
176,17,619,268,24,21,1,2,1
176,16,683,290,19,13,1,2,1
176,15,623,259,28,20,1,2,1
176,14,562,288,24,23,1,2,1
176,12,703,275,13,10,1,2,1
176,5,480,388,59,48,1,2,1
176,4,0,573,210,142,1,2,1
177,19,749,335,36,26,1,2,1
177,17,619,267,25,22,1,2,1
177,16,683,289,19,13,1,2,1
177,15,623,258,29,23,1,2,1
177,14,562,288,24,23,1,2,1
177,12,704,274,12,11,1,2,1
177,5,478,391,58,49,1,2,1
177,4,0,584,191,132,1,2,1
178,19,749,334,35,26,1,2,1
178,17,619,267,25,22,1,2,1
178,16,683,289,19,12,1,2,1
178,15,623,258,30,24,1,2,1
178,14,561,288,25,23,1,2,1
178,5,473,394,61,52,1,2,1
179,19,748,331,34,27,1,2,1
179,17,619,269,24,21,1,2,1
179,16,683,289,18,12,1,2,1
179,15,623,258,31,23,1,2,1
179,14,560,290,26,22,1,2,1
179,5,466,399,65,53,1,2,1
180,19,748,330,32,24,1,2,1
180,18,591,281,21,14,1,2,1
180,17,618,269,25,21,1,2,1
180,16,683,288,18,13,1,2,1
180,15,623,257,31,24,1,2,1
180,14,559,291,27,22,1,2,1
180,5,463,403,64,54,1,2,1
181,19,746,330,33,22,1,2,1
181,18,591,279,24,15,1,2,1
181,17,618,268,25,22,1,2,1
181,16,683,288,17,12,1,2,1
181,15,622,257,32,25,1,2,1
181,14,558,290,27,23,1,2,1
181,5,458,407,66,58,1,2,1
182,19,745,328,32,22,1,2,1
182,18,592,281,22,14,1,2,1
182,17,617,267,27,23,1,2,1
182,16,683,287,17,13,1,2,1
182,15,622,258,32,25,1,2,1
182,14,557,291,26,23,1,2,1
182,12,703,272,12,12,1,2,1
182,5,453,411,68,59,1,2,1
183,19,743,327,34,23,1,2,1
183,18,591,283,19,13,1,2,1
183,17,617,268,26,22,1,2,1
183,15,623,258,31,23,1,2,1
183,14,556,292,26,23,1,2,1
183,12,703,272,12,12,1,2,1
183,5,447,416,70,60,1,2,1
184,19,743,325,33,24,1,2,1
184,18,589,283,20,13,1,2,1
184,17,617,269,24,22,1,2,1
184,15,624,258,30,21,1,2,1
184,14,555,292,25,23,1,2,1
184,12,702,271,14,13,1,2,1
184,5,442,422,71,61,1,2,1
185,19,742,323,31,24,1,2,1
185,18,588,283,21,13,1,2,1
185,17,616,270,23,21,1,2,1
185,15,625,259,28,18,1,2,1
185,14,554,293,25,23,1,2,1
185,12,702,271,13,13,1,2,1
185,5,435,427,76,64,1,2,1
186,19,741,322,31,24,1,2,1
186,18,585,284,23,13,1,2,1
186,17,616,270,24,22,1,2,1
186,14,554,293,24,24,1,2,1
186,12,702,271,13,12,1,2,1
186,5,428,432,78,66,1,2,1
187,19,739,321,32,25,1,2,1
187,18,585,284,22,13,1,2,1
187,17,617,269,24,23,1,2,1
187,16,684,286,15,12,1,2,1
187,14,554,294,22,23,1,2,1
187,12,702,271,13,13,1,2,1
187,5,421,440,81,68,1,2,1
188,19,739,321,30,23,1,2,1
188,18,584,285,21,13,1,2,1
188,17,616,270,23,23,1,2,1
188,14,553,295,23,22,1,2,1
188,5,414,443,83,73,1,2,1
189,19,739,320,30,23,1,2,1
189,18,589,283,22,14,1,2,1
189,17,617,270,22,23,1,2,1
189,14,552,296,23,22,1,2,1
189,5,406,450,88,77,1,2,1
190,19,737,320,30,21,1,2,1
190,18,586,283,21,16,1,2,1
190,17,616,271,23,22,1,2,1
190,14,551,296,24,23,1,2,1
190,5,399,458,90,79,1,2,1
191,19,737,319,29,20,1,2,1
191,18,587,282,23,16,1,2,1
191,17,616,271,22,23,1,2,1
191,15,634,260,19,16,1,2,1
191,14,548,297,27,23,1,2,1
191,5,389,461,95,88,1,2,1
192,19,736,316,28,22,1,2,1
192,18,585,283,25,16,1,2,1
192,17,616,271,22,23,1,2,1
192,15,634,260,19,16,1,2,1
192,14,547,297,28,23,1,2,1
192,5,379,474,99,88,1,2,1
193,19,737,316,27,20,1,2,1
193,18,585,284,22,16,1,2,1
193,17,616,271,22,23,1,2,1
193,15,634,261,18,15,1,2,1
193,14,546,297,28,23,1,2,1
193,5,369,483,104,91,1,2,1
194,19,736,314,26,21,1,2,1
194,18,585,285,22,17,1,2,1
194,17,616,271,22,24,1,2,1
194,15,634,261,18,15,1,2,1
194,14,546,297,27,23,1,2,1
194,5,357,491,109,99,1,2,1
195,19,735,314,25,20,1,2,1
195,18,585,285,23,17,1,2,1
195,17,615,271,23,25,1,2,1
195,15,634,261,18,15,1,2,1
195,14,544,297,28,24,1,2,1
195,5,346,502,113,102,1,2,1
196,19,734,313,24,20,1,2,1
196,18,584,284,25,18,1,2,1
196,17,615,271,23,26,1,2,1
196,15,634,260,18,16,1,2,1
196,14,544,298,27,25,1,2,1
196,5,331,513,122,111,1,2,1
197,19,733,313,26,19,1,2,1
197,18,583,284,25,19,1,2,1
197,17,614,273,23,24,1,2,1
197,15,634,260,18,16,1,2,1
197,14,542,300,28,24,1,2,1
197,5,316,525,128,119,1,2,1
198,19,732,313,27,18,1,2,1
198,18,582,285,27,19,1,2,1
198,17,613,276,23,22,1,2,1
198,15,633,261,19,15,1,2,1
198,14,542,301,27,24,1,2,1
198,5,301,538,135,127,1,2,1
199,19,732,311,27,19,1,2,1
199,18,583,285,28,18,1,2,1
199,17,612,278,23,21,1,2,1
199,15,633,261,20,16,1,2,1
199,14,542,302,26,23,1,2,1
199,5,283,541,144,151,1,2,1
200,19,731,309,28,21,1,2,1
200,18,577,285,33,16,1,2,1
200,17,612,277,23,22,1,2,1
200,15,633,261,20,16,1,2,1
200,14,541,302,26,24,1,2,1
200,5,263,559,153,154,1,2,1
201,19,730,308,28,21,1,2,1
201,18,581,285,29,17,1,2,1
201,17,612,278,23,22,1,2,1
201,15,633,260,20,17,1,2,1
201,14,538,304,29,23,1,2,1
201,5,240,587,164,129,1,2,1
202,19,729,306,27,22,1,2,1
202,17,611,279,23,22,1,2,1
202,15,633,260,19,17,1,2,1
202,14,538,302,27,26,1,2,1
202,5,223,607,170,109,1,2,1
203,22,575,288,26,16,1,2,1
203,19,728,306,27,21,1,2,1
203,17,609,278,24,23,1,2,1
203,16,683,275,16,14,1,2,1
203,15,633,261,18,16,1,2,1
203,14,537,304,28,25,1,2,1
203,5,207,629,171,88,1,2,1
204,22,575,289,26,16,1,2,1
204,19,727,306,26,21,1,2,1
204,17,608,280,23,21,1,2,1
204,15,633,260,18,17,1,2,1
204,14,536,304,28,26,1,2,1
204,5,203,654,157,63,1,2,1
205,22,575,289,26,16,1,2,1
205,19,727,305,24,20,1,2,1
205,17,608,280,23,22,1,2,1
205,15,632,261,19,15,1,2,1
205,14,536,305,26,26,1,2,1
205,5,199,681,141,36,1,2,1
206,22,574,289,24,16,1,2,1
206,19,726,304,26,20,1,2,1
206,17,608,282,22,21,1,2,1
206,15,631,261,19,16,1,2,1
206,14,533,305,28,28,1,2,1
207,22,573,289,22,16,1,2,1
207,19,726,304,24,19,1,2,1
207,17,607,283,24,21,1,2,1
207,15,631,262,19,15,1,2,1
207,14,532,307,29,26,1,2,1
208,22,572,289,23,16,1,2,1
208,19,725,304,26,18,1,2,1
208,17,607,283,23,20,1,2,1
208,15,630,262,20,15,1,2,1
208,14,529,307,32,28,1,2,1
209,22,573,289,24,17,1,2,1
209,19,725,303,26,19,1,2,1
209,17,607,283,23,21,1,2,1
209,15,629,262,21,15,1,2,1
209,14,528,308,32,27,1,2,1
210,22,573,289,23,18,1,2,1
210,19,725,302,24,18,1,2,1
210,17,606,284,23,20,1,2,1
210,15,630,262,20,15,1,2,1
210,14,527,310,30,25,1,2,1
211,22,571,288,27,19,1,2,1
211,19,725,302,24,18,1,2,1
211,17,606,284,23,20,1,2,1
211,15,629,263,21,14,1,2,1
211,14,526,312,30,24,1,2,1
212,22,570,290,20,19,1,2,1
212,19,725,301,23,18,1,2,1
212,18,579,286,28,21,1,2,1
212,17,606,284,22,21,1,2,1
212,15,628,264,20,13,1,2,1
212,14,524,313,29,24,1,2,1
213,22,569,287,27,21,1,2,1
213,19,724,301,23,17,1,2,1
213,18,578,286,30,21,1,2,1
213,17,606,285,21,20,1,2,1
213,15,628,264,21,13,1,2,1
213,14,523,312,30,26,1,2,1
214,22,567,290,24,20,1,2,1
214,19,724,301,23,16,1,2,1
214,17,604,287,23,18,1,2,1
214,15,627,264,21,13,1,2,1
214,14,522,312,29,28,1,2,1
215,22,566,290,25,21,1,2,1
215,19,723,300,23,16,1,2,1
215,17,604,287,22,19,1,2,1
215,15,627,264,21,13,1,2,1
215,14,521,313,29,28,1,2,1
216,22,564,291,28,21,1,2,1
216,19,722,299,22,17,1,2,1
216,17,604,287,22,20,1,2,1
216,15,628,264,19,13,1,2,1
216,14,519,314,30,29,1,2,1
217,22,565,289,33,22,1,2,1
217,19,722,299,22,16,1,2,1
217,17,603,287,23,21,1,2,1
217,15,628,264,19,14,1,2,1
217,14,517,314,31,30,1,2,1
218,22,563,292,27,22,1,2,1
218,19,722,298,22,17,1,2,1
218,17,603,287,21,21,1,2,1
218,15,626,264,19,14,1,2,1
218,14,515,316,32,30,1,2,1
219,22,562,293,30,21,1,2,1
219,19,721,298,21,16,1,2,1
219,17,602,287,22,22,1,2,1
219,15,626,264,19,15,1,2,1
219,14,513,317,33,29,1,2,1
220,22,561,296,25,19,1,2,1
220,19,720,296,22,17,1,2,1
220,17,601,288,23,22,1,2,1
220,15,626,264,18,15,1,2,1
220,14,511,319,33,29,1,2,1
221,22,560,297,22,19,1,2,1
221,19,720,296,22,16,1,2,1
221,17,601,288,22,23,1,2,1
221,15,626,264,18,15,1,2,1
221,14,510,320,33,28,1,2,1
222,22,559,299,22,16,1,2,1
222,19,720,296,22,16,1,2,1
222,18,574,286,25,25,1,2,1
222,17,600,289,22,23,1,2,1
222,15,626,265,18,14,1,2,1
222,14,510,320,32,29,1,2,1
223,22,558,301,23,15,1,2,1
223,19,719,294,22,17,1,2,1
223,18,574,287,25,23,1,2,1
223,17,599,290,23,22,1,2,1
223,15,625,266,19,14,1,2,1
223,14,508,321,33,29,1,2,1
224,22,558,301,22,17,1,2,1
224,19,719,292,21,18,1,2,1
224,18,575,287,24,22,1,2,1
224,17,598,290,24,23,1,2,1
224,15,624,268,20,12,1,2,1
224,14,505,321,35,31,1,2,1
225,22,556,301,24,18,1,2,1
225,19,719,292,20,17,1,2,1
225,18,575,287,24,21,1,2,1
225,17,598,291,23,23,1,2,1
225,15,626,267,18,14,1,2,1
225,14,504,322,35,31,1,2,1
226,22,554,302,24,17,1,2,1
226,19,719,291,19,18,1,2,1
226,18,576,287,21,20,1,2,1
226,17,597,291,23,23,1,2,1
226,15,625,267,20,14,1,2,1
226,14,502,323,36,31,1,2,1
227,22,553,301,23,19,1,2,1
227,19,719,291,19,17,1,2,1
227,18,575,288,22,17,1,2,1
227,17,596,292,24,23,1,2,1
227,15,624,267,20,14,1,2,1
227,14,499,324,38,33,1,2,1
228,22,552,301,24,20,1,2,1
228,19,718,289,20,17,1,2,1
228,18,573,288,23,18,1,2,1
228,17,595,295,24,21,1,2,1
228,15,624,267,20,14,1,2,1
228,14,496,324,38,34,1,2,1
229,22,553,301,22,19,1,2,1
229,19,718,290,20,16,1,2,1
229,18,573,287,23,19,1,2,1
229,17,594,296,25,21,1,2,1
229,15,625,267,19,14,1,2,1
229,14,495,324,39,35,1,2,1
230,22,552,302,23,19,1,2,1
230,19,717,290,21,15,1,2,1
230,18,572,289,24,19,1,2,1
230,17,594,297,25,21,1,2,1
230,15,625,267,19,14,1,2,1
230,14,493,325,39,35,1,2,1
231,22,551,304,23,17,1,2,1
231,20,593,277,16,12,1,2,1
231,19,717,290,20,15,1,2,1
231,18,572,289,22,17,1,2,1
231,17,592,296,27,23,1,2,1
231,15,625,267,18,14,1,2,1
231,14,492,326,37,36,1,2,1
232,22,550,303,24,18,1,2,1
232,20,593,277,15,12,1,2,1
232,19,717,291,19,13,1,2,1
232,18,571,290,20,17,1,2,1
232,17,592,297,26,23,1,2,1
232,15,625,267,18,15,1,2,1
232,14,490,326,38,37,1,2,1
233,22,550,304,24,18,1,2,1
233,20,593,277,14,11,1,2,1
233,19,717,290,19,14,1,2,1
233,18,570,291,21,15,1,2,1
233,17,591,297,26,23,1,2,1
233,15,624,267,20,15,1,2,1
233,14,487,328,39,36,1,2,1
234,22,548,305,24,18,1,2,1
234,20,592,276,15,12,1,2,1
234,19,716,291,20,12,1,2,1
234,18,570,291,20,16,1,2,1
234,17,591,299,27,23,1,2,1
234,15,624,267,20,16,1,2,1
234,14,485,329,40,37,1,2,1
235,22,547,306,24,18,1,2,1
235,20,592,276,15,13,1,2,1
235,19,715,291,21,12,1,2,1
235,18,569,291,20,15,1,2,1
235,17,590,299,26,23,1,2,1
235,15,624,267,20,16,1,2,1
235,14,483,330,40,38,1,2,1
236,22,547,306,24,20,1,2,1
236,19,714,290,20,12,1,2,1
236,18,569,291,20,16,1,2,1
236,17,590,299,25,25,1,2,1
236,15,624,268,20,16,1,2,1
236,14,480,331,42,38,1,2,1
237,22,546,308,24,19,1,2,1
237,19,714,290,19,12,1,2,1
237,18,568,289,21,17,1,2,1
237,17,589,301,25,23,1,2,1
237,15,624,268,20,16,1,2,1
237,14,480,334,39,38,1,2,1
238,22,545,307,22,20,1,2,1
238,19,714,290,20,12,1,2,1
238,18,568,290,22,21,1,2,1
238,17,588,303,25,23,1,2,1
238,15,624,268,20,17,1,2,1
238,14,478,335,39,39,1,2,1
239,22,544,308,24,19,1,2,1
239,19,714,289,20,12,1,2,1
239,18,567,291,23,23,1,2,1
239,17,587,301,26,25,1,2,1
239,15,624,268,20,17,1,2,1
239,14,473,336,45,40,1,2,1
240,22,543,307,23,21,1,2,1
240,20,587,281,19,13,1,2,1
240,19,714,288,19,13,1,2,1
240,18,562,294,24,30,1,2,1
240,17,586,302,27,25,1,2,1
240,15,623,268,20,18,1,2,1
240,14,470,337,45,40,1,2,1
241,25,1016,620,242,96,1,2,1
241,22,541,309,24,18,1,2,1
241,20,586,282,20,13,1,2,1
241,19,714,287,18,13,1,2,1
241,18,563,294,22,24,1,2,1
241,17,585,303,27,25,1,2,1
241,15,622,270,20,17,1,2,1
241,14,468,337,45,42,1,2,1
242,25,1000,601,225,116,1,2,1
242,22,539,307,25,21,1,2,1
242,20,586,282,19,12,1,2,1
242,19,714,286,18,14,1,2,1
242,18,561,295,24,34,1,2,1
242,17,584,301,26,27,1,2,1
242,15,622,269,20,18,1,2,1
242,14,464,339,48,42,1,2,1
243,25,986,584,211,134,1,2,1
243,22,537,311,26,19,1,2,1
243,20,585,283,20,11,1,2,1
243,19,714,286,18,13,1,2,1
243,18,559,298,24,26,1,2,1
243,17,583,303,26,27,1,2,1
243,15,622,269,20,19,1,2,1
243,14,462,341,47,43,1,2,1
244,25,974,572,196,144,1,2,1
244,22,536,309,25,22,1,2,1
244,20,585,284,19,11,1,2,1
244,19,714,284,17,15,1,2,1
244,18,559,298,23,28,1,2,1
244,17,581,303,27,27,1,2,1
244,15,621,270,20,18,1,2,1
244,14,460,342,45,42,1,2,1
245,25,959,559,184,157,1,2,1
245,22,536,313,24,19,1,2,1
245,20,584,285,19,12,1,2,1
245,19,714,284,17,15,1,2,1
245,18,559,298,22,19,1,2,1
245,17,580,305,28,27,1,2,1
245,15,620,270,21,18,1,2,1
245,14,458,342,46,45,1,2,1
246,26,800,622,146,95,1,2,1
246,25,948,546,173,157,1,2,1
246,22,535,312,25,20,1,2,1
246,20,584,284,19,13,1,2,1
246,19,714,284,17,14,1,2,1
246,18,558,298,23,24,1,2,1
246,17,580,304,26,29,1,2,1
246,15,620,270,21,18,1,2,1
246,14,452,343,50,47,1,2,1
247,26,791,603,141,113,1,2,1
247,25,936,534,165,144,1,2,1
247,22,535,316,23,18,1,2,1
247,20,584,284,19,13,1,2,1
247,19,714,283,16,15,1,2,1
247,18,557,301,23,15,1,2,1
247,17,579,306,27,29,1,2,1
247,15,620,270,21,19,1,2,1
247,14,450,344,49,48,1,2,1
248,26,784,585,132,131,1,2,1
248,25,927,523,154,139,1,2,1
248,22,532,317,25,17,1,2,1
248,20,584,284,19,13,1,2,1
248,19,713,283,17,15,1,2,1
248,18,556,299,24,18,1,2,1
248,17,577,307,29,29,1,2,1
248,15,619,269,22,20,1,2,1
248,14,446,346,51,49,1,2,1
